,date,GOOGL,news_label,twitter_label
5285,2020-11-02,0.0,0.0,-1.0
5286,2020-11-03,0.015548836023170365,0.0,-1.0
5289,2020-11-06,0.0986629749717658,0.5,-1.0
5290,2020-11-09,0.09989434952092968,1.0,-1.0
5293,2020-11-12,0.08634194324019084,0.5,-1.0
5294,2020-11-13,0.10779263361142477,0.0,-1.0
5296,2020-11-17,0.10006921927939083,0.0,-1.0
5298,2020-11-19,0.09781777113920365,1.0,-1.0
5558,2020-11-22,0.08652045611861992,1.0,-1.0
5300,2020-11-23,0.0752231410980364,0.6666666666666666,-1.0
5301,2020-11-24,0.10170133702502837,0.0,-1.0
5302,2020-11-25,0.10186892054355345,1.0,-1.0
5559,2020-11-28,0.10945389631680569,1.0,0.2
5560,2020-11-29,0.11703887209005792,0.0,0.0
5305,2020-12-01,0.12462384786330993,1.0,0.7647058823529411
5309,2020-12-07,0.1404131298043645,0.5,0.8888888888888888
5311,2020-12-09,0.11187292797551818,1.0,0.25
5313,2020-12-11,0.10964333855513853,0.0,0.8571428571428571
5315,2020-12-15,0.09964661736310965,1.0,0.8
5316,2020-12-16,0.09681227002805204,0.0,0.6363636363636364
5320,2020-12-22,0.06987504098509967,0.0,0.6
5322,2020-12-24,0.08003205945571801,0.0,0.0
5323,2020-12-28,0.1090312944005245,0.5,0.625
5325,2020-12-30,0.081554883602317,1.0,0.6
5561,2021-01-02,0.0829392691901345,1.0,1.0
5328,2021-01-05,0.08432365477795178,0.0,0.3
5330,2021-01-07,0.10930817151808792,1.0,0.6666666666666666
5331,2021-01-08,0.12642354912747278,1.0,-1.0
5562,2021-01-09,0.11129002878064775,1.0,0.0833333333333333
5332,2021-01-11,0.09615650843382273,0.5,0.0
5333,2021-01-12,0.08241465991475105,1.0,0.6666666666666666
5334,2021-01-13,0.08956974753178626,0.0,0.0
5335,2021-01-14,0.0776713177164925,1.0,0.4285714285714285
5336,2021-01-15,0.07526685853765147,0.3333333333333333,0.2857142857142857
5563,2021-01-18,0.09597799555539366,0.0,0.0
5337,2021-01-19,0.11668913257313562,0.0,0.4444444444444444
5338,2021-01-20,0.18634558636015885,0.0,0.3636363636363636
5339,2021-01-21,0.1893183722539984,1.0,0.1666666666666666
5340,2021-01-22,0.19544610004007423,0.3333333333333333,0.1111111111111111
5341,2021-01-25,0.19669933330904588,0.0,0.1428571428571428
5342,2021-01-26,0.2066596233013953,0.25,0.1428571428571428
5343,2021-01-27,0.14180480163211784,0.3333333333333333,0.1666666666666666
5344,2021-01-28,0.16676745965244644,0.3333333333333333,0.25
5346,2021-02-01,0.1958176982768043,0.5,0.3333333333333333
5347,2021-02-02,0.21479835330977437,0.3333333333333333,0.2432432432432432
5348,2021-02-03,0.3166308426536486,0.6666666666666666,0.1551724137931034
5349,2021-02-04,0.3128055666873111,0.75,0.0
5350,2021-02-05,0.33845313126161236,1.0,0.3333333333333333
5564,2021-02-06,0.33688294655543016,0.0,0.2
5351,2021-02-08,0.33531276184924774,0.4285714285714285,0.0
5352,2021-02-09,0.32866042478778823,0.75,-1.0
5353,2021-02-10,0.3367408648766803,0.75,0.0
5355,2021-02-12,0.34297060002185886,0.5,-1.0
5565,2021-02-13,0.34582498451674026,1.0,0.1428571428571428
5566,2021-02-14,0.34867936901162144,0.75,-1.0
5567,2021-02-15,0.35153375350650284,0.5,0.5
5356,2021-02-16,0.35438813800138425,0.0,0.25
5357,2021-02-17,0.36015884003060217,0.25,0.25
5358,2021-02-18,0.35082516667273844,0.5,0.5
5359,2021-02-19,0.3384385587817407,0.7142857142857143,0.5
5568,2021-02-20,0.32585157929250586,1.0,0.3333333333333333
5360,2021-02-22,0.3132645998032717,1.0,1.0
5361,2021-02-23,0.3175343364056977,0.5,0.4
5362,2021-02-24,0.33479543881380014,0.125,0.3333333333333333
5363,2021-02-25,0.2853510146089111,0.4,0.4285714285714285
5364,2021-02-26,0.28969361361069623,0.5,0.8
5569,2021-02-27,0.3070895114576122,1.0,0.5
5365,2021-03-01,0.3244854093045282,0.5,0.2222222222222222
5366,2021-03-02,0.320711137017742,0.5,0.8
5367,2021-03-03,0.2820430616780212,0.2,0.25
5368,2021-03-04,0.2984516740136254,0.25,0.4285714285714285
5369,2021-03-05,0.34445699296877863,0.375,0.4444444444444444
5570,2021-03-06,0.32270270926688305,0.6666666666666666,0.6428571428571429
5571,2021-03-07,0.30094842556498724,0.5,0.5
5370,2021-03-08,0.27919414186309144,0.625,0.4
5371,2021-03-09,0.30313672629239674,0.375,1.0
5372,2021-03-10,0.3000983642391344,0.3,0.4
5373,2021-03-11,0.3469853182265292,0.2857142857142857,0.4
5374,2021-03-12,0.3101606615905861,0.4,0.2857142857142857
5572,2021-03-13,0.31177820685635194,1.0,0.0
5375,2021-03-15,0.31339575212211734,0.8333333333333334,1.0
5376,2021-03-16,0.3348537287332871,0.375,0.6666666666666666
5377,2021-03-17,0.3336369266639949,0.5384615384615384,0.5
5378,2021-03-18,0.2892782979343509,0.53125,0.5714285714285714
5379,2021-03-19,0.2933731647783162,0.4545454545454545,0.0
5573,2021-03-20,0.2942790872770107,0.0,0.7142857142857143
5574,2021-03-21,0.29518500977570516,0.2222222222222222,0.75
5380,2021-03-22,0.29609093227439987,0.2413793103448276,0.4
5381,2021-03-23,0.3038434915661772,0.55,0.0
5382,2021-03-24,0.29743160042260186,0.1935483870967742,0.3333333333333333
5383,2021-03-25,0.29738059674305073,0.3529411764705882,0.0
5384,2021-03-26,0.29174833327261473,0.5,0.2
5575,2021-03-27,0.2968632737076031,0.1666666666666666,0.2
5576,2021-03-28,0.30197821414259174,0.2857142857142857,1.0
5385,2021-03-29,0.30709315457758013,0.4782608695652174,0.3333333333333333
5386,2021-03-30,0.3075886188932202,0.3529411764705882,0.5
5387,2021-03-31,0.3192830339903092,0.2857142857142857,0.3
5388,2021-04-01,0.3682902837990456,0.2941176470588235,0.0
5577,2021-04-02,0.38453495573609264,0.2,0.0
5578,2021-04-03,0.40077962767313924,0.25,0.0
5579,2021-04-04,0.41702429961018606,0.4,0.0
5389,2021-04-05,0.4332689715472331,0.2307692307692307,0.5
5390,2021-04-06,0.42620131880942846,0.5357142857142857,0.2857142857142857
5391,2021-04-07,0.4478924550985466,0.3,0.25
5392,2021-04-08,0.4561987686254507,0.5,0.5333333333333333
5393,2021-04-09,0.47094611825567423,0.4074074074074074,0.3333333333333333
5580,2021-04-10,0.4646192332446841,1.0,0.25
5581,2021-04-11,0.4582923482336938,0.3333333333333333,0.0
5394,2021-04-12,0.4519654632227037,0.6363636363636364,0.0
5395,2021-04-13,0.45911326459980306,0.2222222222222222,0.1428571428571428
5396,2021-04-14,0.44999089220007993,0.3846153846153846,0.0
5397,2021-04-15,0.4815694560821888,0.5,0.0
5398,2021-04-16,0.47974789609821844,0.3333333333333333,0.0
5582,2021-04-17,0.4814504474965693,0.8,1.0
5583,2021-04-18,0.48315299889492036,0.0,0.5
5399,2021-04-19,0.4848555502932712,0.3333333333333333,0.6666666666666666
5400,2021-04-20,0.47702284236219916,0.0588235294117647,0.0
5401,2021-04-21,0.4765419505264308,0.3214285714285714,1.0
5402,2021-04-22,0.45772159277204993,0.2666666666666666,0.0
5403,2021-04-23,0.49226565630806207,0.1851851851851851,0.125
5584,2021-04-24,0.49469440295335576,0.5,0.25
5585,2021-04-25,0.4971231495986492,0.6,0.2
5404,2021-04-26,0.49955189624394314,0.4285714285714285,0.625
5405,2021-04-27,0.48574447156544864,0.3518518518518518,0.0909090909090909
5406,2021-04-28,0.5353346205690552,0.3103448275862069,0.2894736842105263
5407,2021-04-29,0.5599038216328465,0.3103448275862069,0.1578947368421052
5408,2021-04-30,0.5312980436445771,0.3620689655172414,0.1428571428571428
5586,2021-05-01,0.5287672896401812,0.6666666666666666,0.0
5587,2021-05-02,0.526236535635785,0.6,-1.0
5409,2021-05-03,0.523705781631389,0.4333333333333333,0.3333333333333333
5410,2021-05-04,0.4972931618638201,0.6086956521739131,0.25
5411,2021-05-05,0.5030784363729097,0.631578947368421,0.1666666666666666
5412,2021-05-06,0.5195307661481292,0.3809523809523809,0.25
5413,2021-05-07,0.5301541039746438,0.3888888888888889,0.0
5588,2021-05-08,0.5155379066632664,0.5,0.0
5589,2021-05-09,0.500921709351889,1.0,0.4
5414,2021-05-10,0.48630551204051153,0.3125,0.074074074074074
5415,2021-05-11,0.4705016576195853,0.25,0.125
5416,2021-05-12,0.4196364166271995,0.4705882352941176,1.0
5417,2021-05-13,0.44061350140260114,0.5294117647058824,0.125
5418,2021-05-14,0.47656380924623853,0.5,0.4
5590,2021-05-15,0.4791237082103781,0.8,0.0
5591,2021-05-16,0.48168360717451764,0.6666666666666666,0.0
5419,2021-05-17,0.4842435061386572,0.3809523809523809,0.0
5420,2021-05-18,0.46497140150825156,0.5909090909090909,0.0
5421,2021-05-19,0.4715508761703522,0.375,0.2
5422,2021-05-20,0.49738059674305046,0.4782608695652174,0.5
5423,2021-05-21,0.4880396371452511,0.6842105263157895,0.2
5592,2021-05-22,0.5042903809489112,0.4,0.0
5593,2021-05-23,0.5205411247525713,0.0,0.0
5424,2021-05-24,0.5367918685562314,0.3571428571428571,0.0
5425,2021-05-25,0.5381252504644976,0.3870967741935484,0.1428571428571428
5426,2021-05-26,0.5508324529126742,0.217391304347826,0.5
5427,2021-05-27,0.5379868119057158,0.2692307692307692,0.5
5428,2021-05-28,0.5337389340230974,0.4583333333333333,0.3333333333333333
5594,2021-05-29,0.5381707894640968,0.6666666666666666,0.75
5595,2021-05-30,0.5426026449050965,0.4285714285714285,0.0
5596,2021-05-31,0.5470345003460961,0.0,0.0
5429,2021-06-01,0.5514663557870958,0.5454545454545454,0.0
5430,2021-06-02,0.5437502276949979,0.25,0.2857142857142857
5431,2021-06-03,0.5269845896025356,0.5217391304347826,0.0
5432,2021-06-04,0.5604940070676527,0.48,0.0
5597,2021-06-05,0.5626143028889941,0.6,0.6
5598,2021-06-06,0.5647345987103356,0.5,0.8095238095238095
5433,2021-06-07,0.5668548945316769,0.1290322580645161,0.4285714285714285
5434,2021-06-08,0.5640424059164268,0.3666666666666666,0.0769230769230769
5435,2021-06-09,0.5709643338555139,0.4285714285714285,0.2
5436,2021-06-10,0.5907756202411745,0.4230769230769231,0.0
5437,2021-06-11,0.5871835039527851,0.34375,0.0
5599,2021-06-12,0.5917276889261294,0.5714285714285714,0.0
5600,2021-06-13,0.5962718738994739,0.4285714285714285,-1.0
5438,2021-06-14,0.6008160588728184,0.4827586206896552,0.3333333333333333
5439,2021-06-15,0.5858646945243906,0.55,0.6666666666666666
5440,2021-06-16,0.5764363000473605,0.3953488372093023,0.0
5441,2021-06-17,0.5905861780028414,0.5909090909090909,0.3
5442,2021-06-18,0.5667966046121897,0.3076923076923077,0.2
5601,2021-06-19,0.5750616294461242,0.7142857142857143,0.0
5602,2021-06-20,0.5833266542800588,1.0,0.04
5443,2021-06-21,0.5915916791139932,0.7368421052631579,0.2307692307692307
5444,2021-06-22,0.599140223687566,0.4782608695652174,0.1666666666666666
5445,2021-06-23,0.5961747240336623,0.4583333333333333,0.5
5446,2021-06-24,0.6016102590258297,0.4285714285714285,0.3333333333333333
5447,2021-06-25,0.6017341251047397,0.4193548387096774,0.0
5603,2021-06-26,0.6018677061702309,0.4,1.0
5604,2021-06-27,0.6020012872357217,1.0,-1.0
5448,2021-06-28,0.6021348683012129,0.3225806451612903,0.8
5449,2021-06-29,0.5982950198550037,0.4838709677419355,0.5
5450,2021-06-30,0.5956282560384711,0.4285714285714285,1.0
5451,2021-07-01,0.6008014863929467,0.6111111111111112,1.0
5452,2021-07-02,0.6417938722722139,0.5263157894736842,0.0833333333333333
5605,2021-07-03,0.6451910816423183,0.3333333333333333,0.2857142857142857
5606,2021-07-04,0.6485882910124232,1.0,0.75
5607,2021-07-05,0.6519855003825277,0.0,0.4285714285714285
5453,2021-07-06,0.6553827097526321,0.5714285714285714,0.5
5454,2021-07-07,0.6595212940362125,0.3548387096774194,0.5
5455,2021-07-08,0.6386826478195926,0.2941176470588235,0.4285714285714285
5456,2021-07-09,0.6455972895187436,0.4,0.0
5608,2021-07-10,0.6526746572431297,0.5714285714285714,0.4
5609,2021-07-11,0.6597520249675155,0.0,0.8333333333333334
5457,2021-07-12,0.6668293926919013,0.4285714285714285,0.5
5458,2021-07-13,0.6721629203249662,0.4074074074074074,0.75
5459,2021-07-14,0.6852125760501291,0.5333333333333333,0.5
5460,2021-07-15,0.6672592808481181,0.4375,0.6666666666666666
5461,2021-07-16,0.6667492440526066,0.4,0.5
5610,2021-07-17,0.6551301201015216,0.0,0.0188679245283018
5611,2021-07-18,0.6435109961504364,1.0,0.1666666666666666
5462,2021-07-19,0.6318918721993514,0.2142857142857142,0.6666666666666666
5463,2021-07-20,0.6556668731101314,0.6666666666666666,0.0
5464,2021-07-21,0.6751867098983568,0.3684210526315789,0.0
5465,2021-07-22,0.6879011985864691,0.6363636363636364,0.3333333333333333
5466,2021-07-23,0.7548398848774092,0.5416666666666666,0.5384615384615384
5612,2021-07-24,0.7597945280338081,0.6666666666666666,0.0
5613,2021-07-25,0.7647491711902072,0.4,0.0
5467,2021-07-26,0.7697038143466062,0.4782608695652174,0.9
5468,2021-07-27,0.7385915698203942,0.2448979591836734,0.1428571428571428
5469,2021-07-28,0.7997085504025647,0.3076923076923077,0.375
5470,2021-07-29,0.795096360523152,0.3611111111111111,0.5
5471,2021-07-30,0.77978068417793,0.5,0.6666666666666666
5614,2021-07-31,0.7804024433191252,0.25,1.0
5615,2021-08-01,0.7810242024603202,0.25,0.0
5472,2021-08-02,0.7816459616015154,0.5833333333333334,0.6
5473,2021-08-03,0.7929469197420669,0.3529411764705882,0.0
5474,2021-08-04,0.7855951036467632,0.4,0.2
5475,2021-08-05,0.8020037159823674,0.2941176470588235,0.0
5476,2021-08-06,0.7945280338081533,0.4210526315789473,1.0
5616,2021-08-07,0.800233159677948,0.5,0.0
5617,2021-08-08,0.8059382855477433,0.75,0.5
5477,2021-08-09,0.8116434114175382,0.1111111111111111,0.3333333333333333
5478,2021-08-10,0.810098728551131,0.25,0.5
5479,2021-08-11,0.8024044591788406,0.3,0.2857142857142857
5480,2021-08-12,0.815738278261503,0.2941176470588235,0.2
5481,2021-08-13,0.8235126962730883,0.4666666666666667,0.0
5618,2021-08-14,0.8263397573682101,0.2,-1.0
5619,2021-08-15,0.8291668184633318,1.0,-1.0
5482,2021-08-16,0.8319938795584536,0.5,0.2222222222222222
5483,2021-08-17,0.8079784327297896,0.3076923076923077,0.4444444444444444
5484,2021-08-18,0.7903093008852782,0.6153846153846154,0.6666666666666666
5485,2021-08-19,0.7936755437356551,0.2666666666666666,0.2
5486,2021-08-20,0.819170097271303,0.2272727272727272,0.5
5620,2021-08-21,0.8318578697463173,0.75,0.8888888888888888
5621,2021-08-22,0.8445456422213315,1.0,0.0204081632653061
5487,2021-08-23,0.8572334146963458,0.8,0.0625
5488,2021-08-24,0.8750118401398959,0.4210526315789473,0.025
5489,2021-08-25,0.8869248424350611,0.6333333333333333,0.1333333333333333
5490,2021-08-26,0.877620314036941,0.5333333333333333,0.0493827160493827
5491,2021-08-27,0.9149768661882034,0.45,0.0666666666666666
5622,2021-08-28,0.9178257860031327,0.4,0.75
5623,2021-08-29,0.9206747058180624,0.5,0.2
5492,2021-08-30,0.9235236256329917,0.55,0.75
5493,2021-08-31,0.9250828809792704,0.2307692307692307,0.4
5494,2021-09-01,0.9326314255528432,0.1428571428571428,0.5
5495,2021-09-02,0.90452839812015,0.2916666666666667,0.5
5496,2021-09-03,0.9111224452621223,0.3333333333333333,0.1176470588235294
5624,2021-09-04,0.9130933731647783,0.2,0.3333333333333333
5625,2021-09-05,0.915064301067434,0.3333333333333333,0.75
5626,2021-09-06,0.91703522897009,1.0,0.2
5497,2021-09-07,0.9190061568727457,0.2727272727272727,0.0
5498,2021-09-08,0.9104156799883418,0.3571428571428571,0.8
5499,2021-09-09,0.9082298080075779,0.5238095238095238,0.0
5500,2021-09-10,0.8693941491493316,0.2962962962962963,0.1935483870967742
5627,2021-09-11,0.8764690881270718,0.8333333333333334,0.8
5628,2021-09-12,0.8835440271048125,0.25,0.5
5501,2021-09-13,0.8906189660825532,0.3571428571428571,0.2222222222222222
5502,2021-09-14,0.8937083318153667,0.3181818181818182,0.4285714285714285
5503,2021-09-15,0.9211774563736383,0.3333333333333333,0.0
5504,2021-09-16,0.9092353091187289,0.3684210526315789,0.3333333333333333
5505,2021-09-17,0.8682866406790775,0.5,0.3333333333333333
5629,2021-09-18,0.8581806258880105,0.2857142857142857,0.3333333333333333
5630,2021-09-19,0.848074611096943,0.0,-1.0
5506,2021-09-20,0.8379685963058761,0.5,0.6
5507,2021-09-21,0.8425370687456735,0.3461538461538461,0.0
5508,2021-09-22,0.8607599548253122,0.5652173913043478,0.5
5509,2021-09-23,0.8743487923057305,0.3333333333333333,0.5
5510,2021-09-24,0.8889066996976209,0.6,0.0
5631,2021-09-25,0.8833545848664797,0.75,0.9047619047619048
5632,2021-09-26,0.877802470035338,0.5,0.7777777777777778
5511,2021-09-27,0.8722503552041967,0.3333333333333333,0.6666666666666666
5512,2021-09-28,0.7958614157164194,0.3043478260869565,0.6666666666666666
5513,2021-09-29,0.7743451491857627,0.1470588235294117,0.3333333333333333
5514,2021-09-30,0.7644722940726436,0.2857142857142857,0.8333333333333334
5515,2021-10-01,0.8062515938649859,0.3333333333333333,0.3846153846153846
5633,2021-10-02,0.7922450119615772,0.3333333333333333,0.4
5634,2021-10-03,0.7782384300581684,0.25,0.2857142857142857
5516,2021-10-04,0.7642318481547596,0.4,0.2727272727272727
5517,2021-10-05,0.7986739043316695,0.59375,0.4285714285714285
5518,2021-10-06,0.821144668293927,0.3461538461538461,0.3333333333333333
5519,2021-10-07,0.8453349848810519,0.35,0.6666666666666666
5520,2021-10-08,0.853502859849175,0.5,0.3333333333333333
5635,2021-10-09,0.8471529017450543,0.5,0.1818181818181818
5521,2021-10-11,0.8408029436409341,0.3076923076923077,0.1666666666666666
5522,2021-10-12,0.8048817807570403,0.4210526315789473,0.4285714285714285
5523,2021-10-13,0.8213924004517466,0.7333333333333333,0.25
5524,2021-10-14,0.8734015811140659,0.3333333333333333,0.25
5525,2021-10-15,0.8765638092462387,0.2,0.2222222222222222
5636,2021-10-16,0.8834128747859669,0.4,0.25
5637,2021-10-17,0.8902619403256946,0.75,0.4
5526,2021-10-18,0.8971110058654228,0.5333333333333333,0.3333333333333333
5527,2021-10-19,0.9037997741265615,0.5555555555555556,0.0
5528,2021-10-20,0.882407373674815,0.5,0.0
5529,2021-10-21,0.884112353819811,0.2826086956521739,0.0
5530,2021-10-22,0.8211665270137345,0.4324324324324324,0.4444444444444444
5638,2021-10-23,0.8205860565655094,0.0,0.6666666666666666
5639,2021-10-24,0.8200055861172839,0.75,0.5
5531,2021-10-25,0.8194251156690588,0.5294117647058824,0.4545454545454545
5532,2021-10-26,0.846551786950344,0.3555555555555555,0.0
5533,2021-10-27,0.9472330503843491,0.3773584905660377,0.16
5534,2021-10-28,0.9418630915516049,0.625,0.0666666666666666
5535,2021-10-29,0.9738788298298664,0.4705882352941176,0.1818181818181818
5640,2021-10-30,0.9517820928509841,0.3333333333333333,0.125
5641,2021-10-31,0.9296853558721023,0.4166666666666667,0.6
5536,2021-11-01,0.9075886188932201,0.6470588235294118,0.6666666666666666
5537,2021-11-02,0.935793653685016,0.4090909090909091,0.5
5538,2021-11-03,0.9527778789755545,0.3846153846153846,0.5
5539,2021-11-04,0.9771066341214614,0.32,0.4666666666666667
5540,2021-11-05,0.9856242486065063,0.5555555555555556,0.6923076923076923
5642,2021-11-06,0.9864937399055214,0.0,0.0
5643,2021-11-07,0.9873632312045368,1.0,0.9629629629629628
5541,2021-11-08,0.9882327225035519,0.2941176470588235,0.6666666666666666
5542,2021-11-09,0.9865933185179785,0.5,0.375
5543,2021-11-10,0.9425115669058981,0.2857142857142857,0.2307692307692307
5544,2021-11-11,0.9406608619621843,0.6111111111111112,0.3333333333333333
5545,2021-11-12,0.9830886371088197,0.5,0.4
5644,2021-11-13,0.981990843625147,0.3333333333333333,0.0
5645,2021-11-14,0.9808930501414743,1.0,0.5
5546,2021-11-15,0.9797952566578016,0.4705882352941176,0.1666666666666666
5547,2021-11-16,0.9714015082516665,0.3953488372093023,0.4
5548,2021-11-17,0.9738934023097381,0.5294117647058824,0.3333333333333333
5549,2021-11-18,0.9999999999999998,0.4,0.25
5550,2021-11-19,0.9867098983569529,0.5365853658536586,0.1428571428571428
5646,2021-11-20,0.9739614072158063,0.8333333333333334,0.0
5647,2021-11-21,0.9612129160746596,0.6666666666666666,0.2857142857142857
5551,2021-11-22,0.948464424933513,0.5,0.0909090909090909
5552,2021-11-23,0.9408867354001964,0.4411764705882353,0.0769230769230769
5553,2021-11-24,0.9458122335968524,0.5238095238095238,0.1739130434782608
5648,2021-11-25,0.9171263069692881,0.4166666666666667,0.4285714285714285
5554,2021-11-26,0.8884403803417242,0.4871794871794871,-1.0
5649,2021-11-27,0.9047008391319655,0.7777777777777778,-1.0
5650,2021-11-28,0.9209612979222073,0.3333333333333333,-1.0
5555,2021-11-29,0.9372217567124486,0.4285714285714285,-1.0
5556,2021-11-30,0.8842799373383363,0.375,-1.0
5557,2021-12-01,0.8719516193668257,0.3396226415094339,-1.0
5651,2021-12-02,0.8719516193668257,0.1428571428571428,-1.0
