,date,MSFT,news_label,twitter_label
5285,2020-11-02,0.0,0.3333333333333333,-1.0
5289,2020-11-06,0.15193919590850946,0.0,-1.0
5290,2020-11-09,0.11407870436141465,1.0,-1.0
5293,2020-11-12,0.09312402329876379,0.6666666666666666,-1.0
5294,2020-11-13,0.10072453473504739,0.5,-1.0
5295,2020-11-16,0.10583889757067744,1.0,-1.0
5300,2020-11-23,0.055263531751669204,0.0,-1.0
5301,2020-11-24,0.08190083818724236,0.5,-1.0
5558,2020-11-26,0.08291897523322422,1.0,0.0
5559,2020-12-06,0.0839371122792063,0.0,0.0
5309,2020-12-07,0.08495524932518794,1.0,0.6470588235294118
5311,2020-12-09,0.06726807785196742,0.6666666666666666,0.6111111111111112
5312,2020-12-10,0.05817587725529183,1.0,0.6296296296296297
5313,2020-12-11,0.07763886915755047,0.0,0.3181818181818182
5315,2020-12-15,0.08381872425060366,1.0,0.4285714285714285
5316,2020-12-16,0.12040062508879079,0.0,0.6296296296296297
5317,2020-12-17,0.12139508452905212,0.3333333333333333,0.55
5318,2020-12-18,0.11549936070464528,0.0,0.5757575757575758
5319,2020-12-21,0.1439124875692568,1.0,0.4
5320,2020-12-22,0.15350191788606327,0.0,0.3
5321,2020-12-23,0.13276033527489695,1.0,0.1428571428571428
5323,2020-12-28,0.16074726523653915,0.6666666666666666,0.4545454545454545
5324,2020-12-29,0.15499360704645526,0.0,0.4545454545454545
5326,2020-12-31,0.1427049296775107,1.0,0.2222222222222222
5327,2021-01-04,0.10910640716010778,0.0,0.3529411764705882
5328,2021-01-05,0.1105980963205,1.0,0.3636363636363636
5331,2021-01-08,0.12281574087228275,0.75,0.25
5332,2021-01-11,0.10768575081687737,1.0,0.7777777777777778
5333,2021-01-12,0.08950134962352596,0.25,0.0
5334,2021-01-13,0.09951697684330152,1.0,0.3157894736842105
5335,2021-01-14,0.07593408154567394,1.0,0.1739130434782608
5560,2021-01-18,0.08808069328029533,1.0,0.375
5337,2021-01-19,0.10022730501491672,0.0,0.391304347826087
5338,2021-01-20,0.1563432305725243,0.5,0.3636363636363636
5339,2021-01-21,0.16081829805370051,0.3333333333333333,0.3636363636363636
5340,2021-01-22,0.16777951413553027,0.5,0.3571428571428571
5561,2021-01-23,0.17625609698347278,1.0,0.3478260869565217
5562,2021-01-24,0.18473267983141528,1.0,0.6666666666666666
5341,2021-01-25,0.19320926267935778,0.3333333333333333,0.4583333333333333
5342,2021-01-26,0.21309845148458573,0.0,0.5471698113207547
5343,2021-01-27,0.21714732206279286,0.5,0.5463917525773195
5344,2021-01-28,0.25998011081119454,0.5,0.3461538461538461
5345,2021-01-29,0.21047023724960923,0.5,0.3076923076923077
5563,2021-01-30,0.23778235544821702,1.0,0.0277777777777777
5346,2021-02-01,0.2650944736468246,0.0,0.4285714285714285
5347,2021-02-02,0.26410001420656326,0.6666666666666666,0.7272727272727273
5348,2021-02-03,0.2888904673959367,0.5,0.6
5349,2021-02-04,0.28185821849694537,0.0,0.3846153846153846
5351,2021-02-08,0.2851257280863757,0.0,0.1111111111111111
5352,2021-02-09,0.2943599943173745,0.5,0.5454545454545454
5353,2021-02-10,0.28761187668702926,0.3333333333333333,0.3333333333333333
5354,2021-02-11,0.2994743571530045,0.8,0.3125
5355,2021-02-12,0.303025998011081,0.6666666666666666,0.6111111111111112
5564,2021-02-13,0.2999715868731352,1.0,0.4
5565,2021-02-14,0.2969171757351894,1.0,0.5714285714285714
5356,2021-02-16,0.2938627645972436,0.5,0.3333333333333333
5357,2021-02-17,0.29741440545532005,0.5,0.4
5358,2021-02-18,0.2945020599516974,0.3333333333333333,0.4545454545454545
5566,2021-02-20,0.2615428327887481,1.0,0.2142857142857142
5360,2021-02-22,0.22858360562579882,0.5,0.2857142857142857
5361,2021-02-23,0.21977553629776936,0.3636363636363636,0.3076923076923077
5362,2021-02-24,0.22886773689444517,0.2857142857142857,0.7857142857142857
5364,2021-02-26,0.21345361557039322,0.4444444444444444,0.4117647058823529
5567,2021-02-27,0.22964909788322174,1.0,0.375
5365,2021-03-01,0.24584458019605027,1.0,0.5
5366,2021-03-02,0.22403750532746103,0.5,0.4615384615384615
5367,2021-03-03,0.17921579769853646,0.3333333333333333,0.5454545454545454
5368,2021-03-04,0.17332007387412962,0.5555555555555556,0.5
5369,2021-03-05,0.2079130558317941,0.6666666666666666,0.3571428571428571
5568,2021-03-06,0.1979447838234596,0.6,0.8181818181818182
5569,2021-03-07,0.1879765118151251,1.0,0.3333333333333333
5370,2021-03-08,0.17800823980679037,0.2727272727272727,0.4285714285714285
5371,2021-03-09,0.2233982099730074,0.7142857142857143,0.2857142857142857
5372,2021-03-10,0.21373774683903934,0.25,0.3
5373,2021-03-11,0.2471942037221193,0.7142857142857143,0.6
5374,2021-03-12,0.2373916749538285,0.3076923076923077,0.7857142857142857
5570,2021-03-13,0.23516598001610056,0.8333333333333334,0.25
5571,2021-03-14,0.2329402850783726,0.5,0.4444444444444444
5375,2021-03-15,0.23071459014064488,0.8888888888888888,0.25
5376,2021-03-16,0.25131410711748825,0.4375,0.4285714285714285
5377,2021-03-17,0.2465549083676657,0.3,0.9
5378,2021-03-18,0.20166216792157954,0.6923076923076923,0.0833333333333333
5379,2021-03-19,0.19903395368660304,0.5714285714285714,0.25
5572,2021-03-20,0.2123881233129703,0.0,0.1111111111111111
5573,2021-03-21,0.22574229293933779,0.0,0.0
5380,2021-03-22,0.23909646256570527,0.3703703703703703,0.3333333333333333
5381,2021-03-23,0.2503906804943883,0.3939393939393939,0.3333333333333333
5382,2021-03-24,0.23533172325614427,0.3333333333333333,0.8125
5383,2021-03-25,0.21316948430174731,0.3571428571428571,0.9090909090909092
5384,2021-03-26,0.24257707060661993,0.5555555555555556,0.25
5574,2021-03-27,0.2381730359426053,0.8333333333333334,0.2
5385,2021-03-29,0.23376900127859068,0.6363636363636364,0.4615384615384615
5386,2021-03-30,0.2096888762608322,0.4285714285714285,0.0
5387,2021-03-31,0.2375337405881517,0.4375,0.2608695652173913
5388,2021-04-01,0.28427333428043733,0.4285714285714285,0.3333333333333333
5575,2021-04-02,0.2962068475635742,0.4,0.5714285714285714
5576,2021-04-03,0.3081403608467108,0.4285714285714285,0.0909090909090909
5577,2021-04-04,0.32007387412984767,0.5,0.2222222222222222
5389,2021-04-05,0.3320073874129845,0.5882352941176471,0.4333333333333333
5390,2021-04-06,0.3234124165364398,0.5625,0.3333333333333333
5391,2021-04-07,0.3379031112373916,0.3529411764705882,0.6666666666666666
5392,2021-04-08,0.3616991049865035,0.4782608695652174,0.7
5393,2021-04-09,0.380167637448501,0.6111111111111112,0.6666666666666666
5578,2021-04-10,0.3803097030828242,1.0,0.1428571428571428
5579,2021-04-11,0.3804517687171469,0.3333333333333333,0.4
5394,2021-04-12,0.3805938343514701,0.4888888888888889,0.1481481481481481
5395,2021-04-13,0.3989203011791447,0.4210526315789473,0.25
5396,2021-04-14,0.3783207842023013,0.5384615384615384,0.3571428571428571
5397,2021-04-15,0.406094615712459,0.6666666666666666,0.3333333333333333
5398,2021-04-16,0.41490268504048866,0.3,0.2
5580,2021-04-17,0.41016716389638663,0.3333333333333333,0.375
5581,2021-04-18,0.4054316427522848,0.5,-1.0
5399,2021-04-19,0.4006961216081828,0.4,0.4444444444444444
5400,2021-04-20,0.3972865463844293,0.1333333333333333,0.4375
5401,2021-04-21,0.41376615996590393,0.3157894736842105,0.6363636363636364
5402,2021-04-22,0.38954396931382296,0.4285714285714285,0.5714285714285714
5403,2021-04-23,0.41781503054411107,0.3333333333333333,0.7272727272727273
5582,2021-04-24,0.41876213477293134,0.6666666666666666,0.5
5583,2021-04-25,0.41970923900175205,0.6666666666666666,0.5
5404,2021-04-26,0.4206563432305723,0.3809523809523809,0.8657407407407407
5405,2021-04-27,0.42363972155135676,0.4,0.3846153846153846
5406,2021-04-28,0.37100440403466384,0.288135593220339,0.4166666666666667
5407,2021-04-29,0.3564426765165505,0.3333333333333333,0.4736842105263157
5408,2021-04-30,0.3540985935502201,0.4523809523809524,0.4761904761904761
5584,2021-05-01,0.35334091016716385,0.6,0.3
5585,2021-05-02,0.35258322678410736,0.25,0.5
5409,2021-05-03,0.3518255434010511,0.6470588235294118,0.1333333333333333
5410,2021-05-04,0.32291518681630893,0.4666666666666667,0.0597014925373134
5411,2021-05-05,0.3135388549509872,0.6363636363636364,0.2
5412,2021-05-06,0.3366955533456455,0.5714285714285714,0.625
5413,2021-05-07,0.35608751243074277,0.375,0.5
5586,2021-05-08,0.3435857366103139,0.0,0.5
5587,2021-05-09,0.3310839607898848,1.0,0.5
5414,2021-05-10,0.3185821849694557,0.3333333333333333,0.4166666666666667
5415,2021-05-11,0.31183406733911045,0.4,0.1
5416,2021-05-12,0.2604773405313252,0.5,0.4285714285714285
5417,2021-05-13,0.28910356584742125,0.6666666666666666,0.48
5418,2021-05-14,0.32547236823412407,0.5833333333333334,0.375
5588,2021-05-16,0.31492399488563705,1.0,0.0
5419,2021-05-17,0.30437562153715003,0.5714285714285714,0.7777777777777778
5420,2021-05-18,0.28945872993322896,0.5,0.3636363636363636
5421,2021-05-19,0.2897428612018751,0.6,0.0310077519379844
5422,2021-05-20,0.3136098877681486,0.25,0.1428571428571428
5423,2021-05-21,0.30430458871998844,0.6666666666666666,0.2727272727272727
5589,2021-05-22,0.31758772552919434,1.0,0.2
5590,2021-05-23,0.3308708623384,0.5,0.3333333333333333
5424,2021-05-24,0.3441539991476059,0.5714285714285714,0.1666666666666666
5425,2021-05-25,0.35083108396078977,0.9090909090909092,0.8571428571428571
5426,2021-05-26,0.3491973291660746,0.6363636363636364,0.3333333333333333
5427,2021-05-27,0.3337121750248613,0.6363636363636364,0.8
5428,2021-05-28,0.336340389259838,0.2727272727272727,0.25
5591,2021-05-29,0.33229151868163087,1.0,0.5
5592,2021-05-30,0.32824264810342374,0.0,0.3333333333333333
5593,2021-05-31,0.3241937775252164,0.5,0.1666666666666666
5429,2021-06-01,0.32014490694700926,0.5714285714285714,0.0833333333333333
5430,2021-06-02,0.31943457877539405,0.6,0.4166666666666667
5431,2021-06-03,0.30814036084671104,0.3636363636363636,0.2857142857142857
5432,2021-06-04,0.3442250319647675,0.5714285714285714,0.4166666666666667
5594,2021-06-05,0.35137566889236127,0.6666666666666666,0.4285714285714285
5595,2021-06-06,0.35852630581995526,1.0,0.0
5433,2021-06-07,0.36567694274754925,0.375,0.2727272727272727
5434,2021-06-08,0.35686887341951956,0.6363636363636364,0.2916666666666667
5435,2021-06-09,0.36411422076999567,0.5333333333333333,0.25
5436,2021-06-10,0.3900411990339536,0.4761904761904761,0.0
5437,2021-06-11,0.3946583321494528,0.6153846153846154,0.5
5596,2021-06-12,0.3993938532935548,0.6666666666666666,0.0714285714285714
5597,2021-06-13,0.4041293744376564,0.5,0.0
5438,2021-06-14,0.4088648955817584,0.6,0.375
5439,2021-06-15,0.3979968745560447,0.55,0.6666666666666666
5440,2021-06-16,0.39103565847421495,0.4736842105263157,0.6666666666666666
5441,2021-06-17,0.4160392101150727,0.6,0.5
5442,2021-06-18,0.4055973859923283,0.3846153846153846,0.5
5598,2021-06-19,0.4131742198228914,1.0,0.0
5599,2021-06-20,0.42075105365345444,0.3333333333333333,0.1428571428571428
5443,2021-06-21,0.4283278874840173,0.6666666666666666,0.4
5444,2021-06-22,0.4487853388265375,0.4117647058823529,0.4722222222222222
5445,2021-06-23,0.4471160676232415,0.4705882352941176,0.3846153846153846
5446,2021-06-24,0.4571672112515981,0.5925925925925926,0.4090909090909091
5447,2021-06-25,0.4453047307856226,0.3333333333333333,0.2222222222222222
5600,2021-06-26,0.45406544490221123,0.5714285714285714,0.5
5601,2021-06-27,0.46282615901879987,0.5,0.6666666666666666
5448,2021-06-28,0.4715868731353885,0.5263157894736842,0.4705882352941176
5449,2021-06-29,0.49062366813467784,0.4666666666666667,0.2941176470588235
5450,2021-06-30,0.48707202727660137,0.5925925925925926,0.6153846153846154
5451,2021-07-01,0.4920443244779087,0.7692307692307693,0.4
5452,2021-07-02,0.5350191788606333,0.3846153846153846,0.6666666666666666
5602,2021-07-03,0.5350428564663536,0.5,0.1666666666666666
5603,2021-07-05,0.5350665340720746,0.5,0.4545454545454545
5453,2021-07-06,0.5350902116777951,0.2972972972972973,0.3333333333333333
5454,2021-07-07,0.5512146611734621,0.4827586206896552,0.6363636363636364
5455,2021-07-08,0.5333854240659184,0.3636363636363636,0.3846153846153846
5456,2021-07-09,0.5370791305583178,0.5333333333333333,0.4666666666666667
5604,2021-07-10,0.5356111190036463,0.3333333333333333,0.3333333333333333
5605,2021-07-11,0.5341431074489744,0.6666666666666666,0.75
5457,2021-07-12,0.532675095894303,0.3529411764705882,0.6363636363636364
5458,2021-07-13,0.5586731069754225,0.55,0.6470588235294118
5459,2021-07-14,0.5695411280011362,0.5909090909090909,0.5172413793103449
5460,2021-07-15,0.55902827106123,0.5,0.5833333333333334
5461,2021-07-16,0.5570393521807073,0.5,0.6818181818181818
5606,2021-07-17,0.5481839276412366,0.0,0.4166666666666667
5607,2021-07-18,0.539328503101766,0.75,0.5555555555555556
5462,2021-07-19,0.5304730785622955,0.2,0.7
5463,2021-07-20,0.5468816593266086,0.5789473684210527,0.6428571428571429
5464,2021-07-21,0.5616564852962065,0.375,0.4444444444444444
5465,2021-07-22,0.595326040630771,0.25,0.8061224489795918
5466,2021-07-23,0.6204006250887908,0.6666666666666666,0.6896551724137931
5608,2021-07-24,0.6189326135341193,0.5,0.5714285714285714
5609,2021-07-25,0.6174646019794474,0.6666666666666666,0.2
5467,2021-07-26,0.615996590424776,0.3666666666666666,0.7368421052631579
5468,2021-07-27,0.5981673533172327,0.2888888888888888,0.5865384615384616
5469,2021-07-28,0.5958943031680637,0.45,0.3333333333333333
5470,2021-07-29,0.5978832220485863,0.5,0.4666666666666667
5471,2021-07-30,0.5865890041199033,0.3846153846153846,0.3333333333333333
5610,2021-07-31,0.5863759056684186,0.75,0.4
5611,2021-08-01,0.5861628072169343,0.0,0.4
5472,2021-08-02,0.5859497087654495,0.5454545454545454,0.6666666666666666
5473,2021-08-03,0.6022872567126012,0.4444444444444444,0.5
5474,2021-08-04,0.5979542548657475,0.4545454545454545,0.7692307692307693
5475,2021-08-05,0.6193351328313679,0.25,0.5333333333333333
5476,2021-08-06,0.6189089359283984,0.4545454545454545,0.625
5612,2021-08-07,0.6162333664819808,0.5,0.5714285714285714
5613,2021-08-08,0.6135577970355632,0.5,1.0
5477,2021-08-09,0.6108822275891457,0.2,0.3157894736842105
5478,2021-08-10,0.5974570251456168,0.7777777777777778,0.2962962962962963
5479,2021-08-11,0.6010796988208551,0.7777777777777778,0.2857142857142857
5480,2021-08-12,0.6213950845290521,0.6666666666666666,0.3157894736842105
5481,2021-08-13,0.6429890609461573,0.75,0.1666666666666666
5614,2021-08-14,0.6471326419472463,0.3333333333333333,0.2
5615,2021-08-15,0.6512762229483358,1.0,0.1578947368421052
5482,2021-08-16,0.6554198039494248,0.2666666666666666,0.15625
5483,2021-08-17,0.644622815740872,0.625,0.0833333333333333
5484,2021-08-18,0.6279301037079128,0.0,0.625
5485,2021-08-19,0.6708339252734759,0.4166666666666667,0.5277777777777778
5486,2021-08-20,0.7247478334990765,0.6129032258064516,0.2272727272727272
5616,2021-08-21,0.7257778093479186,0.5,0.7916666666666666
5487,2021-08-23,0.7268077851967607,0.7,0.2272727272727272
5488,2021-08-24,0.7123881233129705,0.7142857142857143,0.3846153846153846
5489,2021-08-25,0.7080551214661173,0.7894736842105263,0.1875
5490,2021-08-26,0.6873135388549507,0.6923076923076923,0.05
5491,2021-08-27,0.6917886063361272,0.625,0.12
5617,2021-08-28,0.7055334564568827,0.75,0.238095238095238
5492,2021-08-30,0.7192783065776382,0.5,0.3448275862068966
5493,2021-08-31,0.7071316948430171,0.4666666666666667,0.1818181818181818
5494,2021-09-01,0.7067765307572096,0.6666666666666666,0.0909090909090909
5495,2021-09-02,0.7019462991902257,0.5714285714285714,0.32
5496,2021-09-03,0.7018752663730641,1.0,0.2857142857142857
5618,2021-09-04,0.6996022162238951,0.0,0.1666666666666666
5619,2021-09-05,0.6973291660747265,1.0,0.8571428571428571
5497,2021-09-07,0.6950561159255575,0.8,0.4545454545454545
5498,2021-09-08,0.6952692143770418,0.3157894736842105,0.5714285714285714
5499,2021-09-09,0.6742435004972294,0.4705882352941176,0.4444444444444444
5500,2021-09-10,0.6633044466543538,0.4545454545454545,0.7884615384615384
5620,2021-09-11,0.6663351801865793,1.0,0.8333333333333334
5621,2021-09-12,0.6693659137188044,0.0,0.7647058823529411
5501,2021-09-13,0.6723966472510299,0.7,0.4285714285714285
5502,2021-09-14,0.6922858360562578,0.36,0.3611111111111111
5503,2021-09-15,0.7280153430885068,0.3461538461538461,0.4745762711864407
5504,2021-09-16,0.7308566557749681,0.4210526315789473,0.36
5505,2021-09-17,0.6928540985935501,0.5555555555555556,0.3571428571428571
5622,2021-09-18,0.6796656722072261,0.3333333333333333,0.3333333333333333
5623,2021-09-19,0.6664772458209025,1.0,0.7307692307692307
5506,2021-09-20,0.6532888194345785,0.4615384615384615,0.5454545454545454
5507,2021-09-21,0.6568404602926552,0.3529411764705882,0.3461538461538461
5508,2021-09-22,0.6836908651797129,0.6363636363636364,0.3478260869565217
5509,2021-09-23,0.6906520812615426,0.3846153846153846,0.6
5510,2021-09-24,0.6891603921011507,0.5555555555555556,0.1818181818181818
5624,2021-09-25,0.6768953923379264,0.3333333333333333,0.8461538461538461
5625,2021-09-26,0.664630392574703,0.6666666666666666,0.5333333333333333
5511,2021-09-27,0.6523653928114788,0.2142857142857142,0.5238095238095238
5512,2021-09-28,0.5767154425344507,0.3684210526315789,0.5416666666666666
5513,2021-09-29,0.5801250177582042,0.4375,0.6111111111111112
5514,2021-09-30,0.5653501917886061,0.4615384615384615,0.4
5515,2021-10-01,0.6163517545105839,0.6666666666666666,0.3333333333333333
5626,2021-10-02,0.6021688686839985,1.0,0.2777777777777778
5627,2021-10-03,0.5879859828574132,0.5,0.3529411764705882
5516,2021-10-04,0.5738030970308283,0.391304347826087,0.3421052631578947
5517,2021-10-05,0.6139366387270917,0.6190476190476191,0.1428571428571428
5518,2021-10-06,0.6448359141923568,0.8,0.6666666666666666
5519,2021-10-07,0.6571956243784627,0.4736842105263157,0.1875
5520,2021-10-08,0.6571956243784627,0.7894736842105263,0.2608695652173913
5628,2021-10-09,0.6549936070464553,0.5,0.2352941176470588
5521,2021-10-11,0.6527915897144478,0.5555555555555556,0.2307692307692307
5522,2021-10-12,0.6432021593976416,0.631578947368421,0.8333333333333334
5523,2021-10-13,0.667566415684046,0.9090909090909092,0.25
5524,2021-10-14,0.7133115499360703,0.3125,0.4615384615384615
5525,2021-10-15,0.7236823412416531,0.4166666666666667,0.2
5629,2021-10-17,0.7346213950845286,0.5,0.4444444444444444
5526,2021-10-18,0.7455604489274046,0.6363636363636364,0.2941176470588235
5527,2021-10-19,0.752237533740588,0.6,0.6153846153846154
5528,2021-10-20,0.7464128427333427,0.3478260869565217,0.5
5529,2021-10-21,0.7702088364824544,0.5555555555555556,0.5625
5530,2021-10-22,0.7588435857366103,0.5333333333333333,0.3571428571428571
5630,2021-10-23,0.7564047923473975,0.5,0.3333333333333333
5631,2021-10-24,0.7539659989581853,0.2,0.9375
5531,2021-10-25,0.7515272055689726,0.4242424242424242,0.6410256410256411
5532,2021-10-26,0.7655917033669553,0.4736842105263157,0.5531914893617021
5533,2021-10-27,0.858360562579912,0.45,0.4714285714285714
5534,2021-10-28,0.8667424350049722,0.5,0.21875
5535,2021-10-29,0.9183832930814033,0.425531914893617,0.24
5632,2021-10-30,0.9130558317942887,0.3636363636363636,0.5625
5633,2021-10-31,0.9077283705071741,0.4,0.8333333333333334
5536,2021-11-01,0.9024009092200596,0.48,0.5833333333333334
5537,2021-11-02,0.9291092484727941,0.3333333333333333,0.48
5538,2021-11-03,0.9352891035658473,0.375,0.6428571428571429
5539,2021-11-04,0.9526211109532603,0.4,0.3888888888888889
5540,2021-11-05,0.9499218639011222,0.5,0.1666666666666666
5634,2021-11-06,0.9521238812331296,0.8333333333333334,0.6428571428571429
5635,2021-11-07,0.954325898565137,1.0,0.25
5541,2021-11-08,0.9565279158971445,0.631578947368421,0.5
5542,2021-11-09,0.9491405029123452,0.5,0.5833333333333334
5543,2021-11-10,0.9125586020741581,0.7333333333333333,0.4285714285714285
5544,2021-11-11,0.9241369512714874,0.5714285714285714,0.2142857142857142
5545,2021-11-12,0.954610029833783,0.6428571428571429,0.3
5636,2021-11-13,0.9530709854619499,0.0,0.2
5637,2021-11-14,0.9515319410901169,1.0,0.4
5546,2021-11-15,0.9499928967182834,0.6428571428571429,0.5909090909090909
5547,2021-11-16,0.9744281858218493,0.5128205128205128,0.3846153846153846
5548,2021-11-17,0.9716579059525501,0.4888888888888889,0.3461538461538461
5549,2021-11-18,0.9869299616422784,0.4615384615384615,0.6111111111111112
5550,2021-11-19,0.9999999999999998,0.5283018867924528,0.3478260869565217
5638,2021-11-20,0.9922337453236725,0.8571428571428571,0.2142857142857142
5639,2021-11-21,0.9844674906473456,0.7142857142857143,0.625
5551,2021-11-22,0.9767012359710183,0.56,0.2857142857142857
5552,2021-11-23,0.96142918028129,0.2972972972972973,0.4583333333333333
5553,2021-11-24,0.9630629350760052,0.36,0.5909090909090909
5640,2021-11-25,0.9338329308140361,0.5,0.4285714285714285
5554,2021-11-26,0.904602926552067,0.4193548387096774,-1.0
5641,2021-11-27,0.9210588625278209,1.0,-1.0
5642,2021-11-28,0.9375147985035752,0.25,-1.0
5555,2021-11-29,0.9539707344793291,0.5,-1.0
5556,2021-11-30,0.9110669129137656,0.2888888888888888,-1.0
5557,2021-12-01,0.9074442392385278,0.2894736842105263,-1.0
5643,2021-12-02,0.9074442392385278,0.1666666666666666,-1.0
