,date,AMZN,news_label,twitter_label
266,2020-11-02,0.06739281040720524,0.0,-1.0
263,2020-11-05,0.47475175121237845,1.0,-1.0
262,2020-11-06,0.4611141046365437,0.3333333333333333,-1.0
5552,2020-11-07,0.35358453288173886,1.0,-1.0
261,2020-11-09,0.24605496112693404,0.25,-1.0
260,2020-11-10,0.1065737818489727,1.0,-1.0
259,2020-11-11,0.23790829548661963,0.0,-1.0
258,2020-11-12,0.2031278064300932,1.0,-1.0
257,2020-11-13,0.22690067482616216,0.0,-1.0
256,2020-11-16,0.22978728863572284,0.0,-1.0
253,2020-11-19,0.2117748184640651,0.6666666666666666,-1.0
5553,2020-11-22,0.19982423729248477,1.0,-1.0
251,2020-11-23,0.18787365612090445,0.5,-1.0
250,2020-11-24,0.2131090755138172,0.5,-1.0
249,2020-11-25,0.29907884945988306,0.8,-1.0
246,2020-12-01,0.34399456033664366,0.0,0.7611940298507462
244,2020-12-03,0.3012085289816029,0.5,0.3333333333333333
5554,2020-12-05,0.28892224531513255,1.0,0.3
5555,2020-12-06,0.2766359616486631,0.0,0.3076923076923077
242,2020-12-07,0.26434967798219366,0.0,0.6111111111111112
241,2020-12-08,0.2890975803761582,1.0,0.5135135135135135
240,2020-12-09,0.1953275344469252,0.6666666666666666,0.5151515151515151
239,2020-12-10,0.19185076848074312,1.0,0.625
238,2020-12-11,0.21100505478151588,1.0,0.5454545454545454
237,2020-12-14,0.26302825032714994,0.0,0.6176470588235294
236,2020-12-15,0.2734842070151129,1.0,0.3947368421052631
235,2020-12-16,0.370782336489365,0.3333333333333333,0.3548387096774194
234,2020-12-17,0.3645215918712954,0.5,0.4186046511627907
233,2020-12-18,0.3203499858876664,0.0,0.3829787234042553
5556,2020-12-20,0.32325584378929006,1.0,0.2
232,2020-12-21,0.32616170169091463,0.0,0.6190476190476191
231,2020-12-22,0.3265979011110258,0.0,0.4
230,2020-12-23,0.2993354373540664,0.75,0.1707317073170731
229,2020-12-24,0.283196058809946,0.5,0.3181818181818182
5557,2020-12-27,0.35457239627434367,1.0,0.2222222222222222
228,2020-12-28,0.4259487337387431,0.3333333333333333,0.5789473684210527
227,2020-12-29,0.47475175121237845,0.5,0.4
225,2020-12-31,0.39127087983988895,1.0,0.15
5558,2021-01-01,0.3461755574372005,0.0,0.1666666666666666
224,2021-01-04,0.3010802350345112,0.0,0.4615384615384615
223,2021-01-05,0.34198034536730626,0.6666666666666666,0.2926829268292683
222,2021-01-06,0.23917840556282632,0.0,0.2857142857142857
221,2021-01-07,0.26968670618120294,0.0,0.1515151515151515
220,2021-01-08,0.2960382829138122,1.0,0.1428571428571428
5559,2021-01-09,0.26674877479280523,0.0,0.3333333333333333
5560,2021-01-10,0.23745926667179917,0.0,0.0458715596330275
219,2021-01-11,0.20816975855079223,0.0,0.2198581560283688
218,2021-01-12,0.21666281784825392,0.0,0.0697674418604651
217,2021-01-13,0.2744720704077186,0.0,0.2156862745098039
216,2021-01-14,0.225181535935135,0.6666666666666666,0.2368421052631578
215,2021-01-15,0.19539168142047103,0.6666666666666666,0.6923076923076923
5561,2021-01-16,0.20245212497541099,0.0,0.0666666666666666
5562,2021-01-18,0.2095125685303505,1.0,0.625
214,2021-01-19,0.2165730120852909,0.6,0.4761904761904761
213,2021-01-20,0.3995458394272968,1.0,0.4516129032258064
212,2021-01-21,0.4554948297539325,0.5,0.3255813953488372
211,2021-01-22,0.43655864316321624,0.3333333333333333,0.1052631578947368
5563,2021-01-24,0.43769404459497574,0.3333333333333333,0.3888888888888889
210,2021-01-25,0.438829446026737,0.3333333333333333,0.625
209,2021-01-26,0.48005029122726084,0.3333333333333333,0.0958904109589041
208,2021-01-27,0.3600313037230909,0.6,0.65625
207,2021-01-28,0.3664973186565059,0.0,0.15625
206,2021-01-29,0.32618736048033314,0.8,0.15625
5564,2021-01-30,0.38463808277525446,1.0,0.4583333333333333
5565,2021-01-31,0.44308880507017756,0.0,0.1666666666666666
205,2021-02-01,0.5015395273650998,1.0,0.1521739130434782
204,2021-02-02,0.5491622405254923,0.5,0.3179190751445087
203,2021-02-03,0.46260231442280597,0.4444444444444444,0.271551724137931
202,2021-02-04,0.4862982064506203,0.8333333333333334,0.2625
201,2021-02-05,0.5134323762604889,0.5,0.1621621621621621
5566,2021-02-06,0.4946950452877634,0.5,0.5882352941176471
200,2021-02-08,0.47595771431503886,0.5454545454545454,0.3076923076923077
199,2021-02-09,0.45294178020680986,0.6,0.475
198,2021-02-10,0.42931003515254185,0.25,0.3703703703703703
197,2021-02-11,0.3979421650886521,0.75,0.3333333333333333
196,2021-02-12,0.4179303620455195,0.5,0.2142857142857142
5567,2021-02-13,0.41512072460421345,1.0,0.4285714285714285
5568,2021-02-14,0.4123110871629083,1.0,0.3333333333333333
5569,2021-02-15,0.4095014497216023,1.0,0.1666666666666666
195,2021-02-16,0.40669181228029716,1.0,0.2272727272727272
194,2021-02-17,0.4576116798809431,0.5,0.1428571428571428
193,2021-02-18,0.48274446411618355,0.375,0.4615384615384615
192,2021-02-19,0.38225181535935215,0.6666666666666666,0.3225806451612903
5570,2021-02-20,0.35267578408984024,1.0,0.4615384615384615
5571,2021-02-21,0.3230997528203283,0.75,0.6
191,2021-02-22,0.2935237215508173,0.3,0.5384615384615384
190,2021-02-23,0.3111769686706185,0.6,0.3333333333333333
189,2021-02-24,0.2663125753726949,0.25,0.8409090909090909
188,2021-02-25,0.13497806173504756,0.5555555555555556,0.3043478260869565
187,2021-02-26,0.18086880660970417,0.4210526315789473,0.5909090909090909
5572,2021-02-27,0.20362387635884716,0.8,0.6666666666666666
5573,2021-02-28,0.22637894610798925,1.0,0.1666666666666666
186,2021-03-01,0.2491340158571318,0.4166666666666667,0.3461538461538461
185,2021-03-02,0.18292150976317023,0.6,0.4117647058823529
184,2021-03-03,0.06805993893208173,0.4444444444444444,0.375
183,2021-03-04,0.03286890924486263,0.4285714285714285,0.5510204081632653
182,2021-03-05,0.062235393734124234,0.4210526315789473,0.5576923076923077
5574,2021-03-06,0.04149026248941601,0.5,0.6666666666666666
5575,2021-03-07,0.020745131244708226,0.0,0.6923076923076923
181,2021-03-08,0.0,0.5333333333333333,0.5882352941176471
180,2021-03-09,0.14227798732455854,0.5454545454545454,0.4166666666666667
179,2021-03-10,0.13559387268108702,0.5384615384615384,0.2142857142857142
178,2021-03-11,0.2073743360788245,0.3333333333333333,0.4090909090909091
177,2021-03-12,0.17645549482975387,0.6,0.3928571428571428
5576,2021-03-13,0.17311557574046965,0.625,0.1818181818181818
5577,2021-03-14,0.16977565665118632,0.8333333333333334,0.0769230769230769
176,2021-03-15,0.1664357375619021,0.8125,0.28
175,2021-03-16,0.17949606137582474,0.3043478260869565,0.0
174,2021-03-17,0.2357786159648989,0.625,0.6888888888888889
173,2021-03-18,0.09755471736843457,0.5185185185185185,0.2631578947368421
172,2021-03-19,0.1578143843173483,0.625,0.3928571428571428
5578,2021-03-20,0.17317116978420977,0.3333333333333333,0.2692307692307692
5579,2021-03-21,0.1885279552510717,0.5714285714285714,0.2727272727272727
171,2021-03-22,0.20388474071793317,0.3333333333333333,0.4
170,2021-03-23,0.23804941882841968,0.5333333333333333,0.2916666666666667
169,2021-03-24,0.17335078131013848,0.4444444444444444,0.6071428571428571
168,2021-03-25,0.1209940215020664,0.3333333333333333,0.5625
167,2021-03-26,0.1283965822492501,0.4347826086956521,0.1428571428571428
5580,2021-03-27,0.13853180406948473,0.5384615384615384,0.2222222222222222
5581,2021-03-28,0.14866702588971892,0.4285714285714285,0.4444444444444444
166,2021-03-29,0.15880224770995355,0.3793103448275862,0.3076923076923077
165,2021-03-30,0.1325789649244351,0.4814814814814814,0.52
164,2021-03-31,0.18234418700125765,0.4,0.3
163,2021-04-01,0.26819849639494064,0.3478260869565217,0.4444444444444444
5582,2021-04-02,0.2892803992507633,0.4210526315789473,0.6
5583,2021-04-03,0.3103623021065869,0.3333333333333333,0.2
5584,2021-04-04,0.33144420496241045,0.5714285714285714,0.2222222222222222
162,2021-04-05,0.352526107818234,0.3,0.6666666666666666
161,2021-04-06,0.3487927539578686,0.3947368421052631,0.5
160,2021-04-07,0.4200857003566578,0.5185185185185185,0.5
159,2021-04-08,0.44562902522259096,0.5476190476190477,0.4814814814814814
158,2021-04-09,0.539155312652349,0.3269230769230769,0.3076923076923077
5585,2021-04-10,0.5422300909176436,0.375,0.5
5586,2021-04-11,0.5453048691829392,0.4615384615384615,0.25
157,2021-04-12,0.5483796474482339,0.5652173913043478,0.4615384615384615
156,2021-04-13,0.5748210299438079,0.2307692307692307,0.4375
155,2021-04-14,0.4888640853924513,0.5714285714285714,0.125
154,2021-04-15,0.5479947656069597,0.3888888888888889,0.3333333333333333
153,2021-04-16,0.5741025838400948,0.4615384615384615,0.1710526315789473
5587,2021-04-17,0.5623722406110221,0.4375,0.3611111111111111
5588,2021-04-18,0.5506418973819494,0.25,0.2857142857142857
152,2021-04-19,0.5389115541528757,0.5675675675675675,0.4
151,2021-04-20,0.4910322530982989,0.3461538461538461,0.2727272727272727
150,2021-04-21,0.5260949888384272,0.4871794871794871,0.631578947368421
149,2021-04-22,0.4581248556693098,0.3703703703703703,0.4666666666666667
148,2021-04-23,0.49897364842326786,0.3076923076923077,0.4
5589,2021-04-24,0.5281049273428615,0.6,0.75
5590,2021-04-25,0.5572362062624561,0.6666666666666666,0.7777777777777778
147,2021-04-26,0.5863674851820497,0.6785714285714286,0.3863636363636363
146,2021-04-27,0.5971826649218692,0.53125,0.1818181818181818
145,2021-04-28,0.6498729889923793,0.3529411764705882,0.2631578947368421
144,2021-04-29,0.6663074436148109,0.5138888888888888,0.3243243243243243
143,2021-04-30,0.6613168090729489,0.430379746835443,0.3412698412698413
5591,2021-05-01,0.6267073786125441,0.6875,0.24
5592,2021-05-02,0.5920979481521402,0.2222222222222222,0.2352941176470588
142,2021-05-03,0.5574885176917355,0.6,0.0909090909090909
141,2021-05-04,0.4617555743720012,0.5517241379310345,0.2727272727272727
140,2021-05-05,0.4087316860390531,0.6521739130434783,0.2448979591836734
139,2021-05-06,0.4546994072819648,0.6,0.3829787234042553
138,2021-05-07,0.4357632206912485,0.4193548387096774,0.2352941176470588
5593,2021-05-08,0.3925196075915811,0.6666666666666666,0.75
5594,2021-05-09,0.3492759944919137,0.3333333333333333,0.2142857142857142
137,2021-05-10,0.3060323813922463,0.3181818181818182,0.2195121951219512
136,2021-05-11,0.348908218510251,0.375,0.2333333333333333
135,2021-05-12,0.25657506478844416,0.5806451612903226,0.3448275862068966
134,2021-05-13,0.2688014779462704,0.7037037037037037,0.2222222222222222
133,2021-05-14,0.3476124496446267,0.5714285714285714,0.4
5595,2021-05-15,0.3679213814692228,0.5,0.125
5596,2021-05-16,0.38823031329381896,0.5,0.2307692307692307
132,2021-05-17,0.408539245118416,0.5,0.3333333333333333
131,2021-05-18,0.3596464218818167,0.4285714285714285,0.4782608695652174
130,2021-05-19,0.3590306109357768,0.2857142857142857,0.2264150943396226
129,2021-05-20,0.37940368973391836,0.5862068965517241,0.3636363636363636
128,2021-05-21,0.32218458933107597,0.5714285714285714,0.25
5597,2021-05-22,0.3401072537397689,0.6,0.1714285714285714
5598,2021-05-23,0.35802991814846186,0.5,0.5555555555555556
127,2021-05-24,0.3759525825571548,0.5555555555555556,0.1
126,2021-05-25,0.39399071151823106,0.4222222222222222,0.4285714285714285
125,2021-05-26,0.40182947168552596,0.4929577464788732,0.525
124,2021-05-27,0.3568624432299292,0.4193548387096774,0.4
123,2021-05-28,0.3478305493546823,0.6538461538461539,0.3076923076923077
5599,2021-05-29,0.34641290123932,0.4166666666666667,0.1
5600,2021-05-30,0.3449952531239586,0.6666666666666666,0.1111111111111111
5601,2021-05-31,0.34357760500859635,1.0,0.3571428571428571
122,2021-06-01,0.3421599568932341,0.6060606060606061,0.1724137931034483
121,2021-06-02,0.36184024837708195,0.425,0.3666666666666666
120,2021-06-03,0.3015677520334594,0.56,0.3255813953488372
119,2021-06-04,0.32621301926975077,0.5405405405405406,0.2424242424242424
5602,2021-06-05,0.3227020415843449,0.3333333333333333,0.3076923076923077
5603,2021-06-06,0.31919106389893903,0.4166666666666667,0.6875
118,2021-06-07,0.31568008621353316,0.35,0.4285714285714285
117,2021-06-08,0.4004823852410646,0.4634146341463415,0.52
116,2021-06-09,0.42234367382546933,0.4166666666666667,0.1551724137931034
115,2021-06-10,0.5102250275831994,0.3478260869565217,0.3461538461538461
114,2021-06-11,0.5066071382752164,0.509090909090909,0.3333333333333333
5604,2021-06-12,0.5224471642761235,0.3333333333333333,0.25
5605,2021-06-13,0.5382871902770296,0.6666666666666666,0.5625
113,2021-06-14,0.5541272162779367,0.7272727272727273,0.4583333333333333
112,2021-06-15,0.5531778410694588,0.4390243902439024,0.5454545454545454
111,2021-06-16,0.5943858568752733,0.6410256410256411,0.3928571428571428
110,2021-06-17,0.6893105483283297,0.4722222222222222,0.1428571428571428
109,2021-06-18,0.6863084699663875,0.6333333333333333,0.2758620689655172
5606,2021-06-19,0.6722217945757323,0.6923076923076923,0.1458333333333333
5607,2021-06-20,0.658135119185077,0.3076923076923077,0.1379310344827586
108,2021-06-21,0.6440484437944218,0.5324675324675324,0.5
107,2021-06-22,0.7100941677571657,0.4912280701754385,0.6785714285714286
106,2021-06-23,0.708015805814282,0.6909090909090909,0.3888888888888889
105,2021-06-24,0.6377876991763531,0.5555555555555556,0.4285714285714285
104,2021-06-25,0.5766941215713444,0.4117647058823529,0.4375
5608,2021-06-26,0.5948391621549969,0.8125,0.3333333333333333
5609,2021-06-27,0.6129842027386485,0.2857142857142857,0.25
103,2021-06-28,0.6311292433223001,0.5555555555555556,0.4736842105263157
102,2021-06-29,0.6365817360736927,0.3703703703703703,0.1714285714285714
101,2021-06-30,0.6263438790957845,0.3571428571428571,0.2264150943396226
100,2021-07-01,0.6171195442999005,0.625,0.1147540983606557
99,2021-07-02,0.7172016524260392,0.5714285714285714,0.125
5610,2021-07-03,0.7700459292330595,0.5555555555555556,0.6567164179104478
5611,2021-07-04,0.8228902060400789,1.0,0.4444444444444444
5612,2021-07-05,0.8757344828470992,0.4166666666666667,0.1351351351351351
98,2021-07-06,0.9285787596541195,0.2777777777777778,0.3076923076923077
97,2021-07-07,0.9553152182280047,0.5277777777777778,0.3205128205128205
96,2021-07-08,1.0000000000000004,0.6666666666666666,0.073170731707317
95,2021-07-09,0.9845149205860477,0.6551724137931034,0.225
5613,2021-07-10,0.9841770798587066,0.3333333333333333,0.6153846153846154
5614,2021-07-11,0.9838392391313655,1.0,0.8518518518518519
94,2021-07-12,0.9835013984040244,0.5588235294117647,0.4838709677419355
93,2021-07-13,0.9306571215970032,0.6785714285714286,0.2857142857142857
92,2021-07-14,0.9361994201113597,0.4545454545454545,0.4285714285714285
91,2021-07-15,0.8714366356195318,0.75,0.3157894736842105
90,2021-07-16,0.7975778102789115,0.3333333333333333,0.5
5615,2021-07-17,0.7872971886519733,0.375,0.1111111111111111
5616,2021-07-18,0.7770165670250351,0.4166666666666667,0.25
89,2021-07-19,0.7667359453980969,0.5263157894736842,0.5217391304347826
88,2021-07-20,0.7970133169117086,0.6341463414634146,0.3823529411764705
87,2021-07-21,0.8124214199574067,0.5625,0.2608695652173913
86,2021-07-22,0.880199112205887,0.5238095238095238,0.425
85,2021-07-23,0.9040746157596291,0.5,0.4736842105263157
5617,2021-07-24,0.9225403912110095,0.5,0.1666666666666666
5618,2021-07-25,0.9410061666623908,0.8,0.0952380952380952
84,2021-07-26,0.9594719421137721,0.3170731707317073,0.71875
83,2021-07-27,0.865265696764427,0.2608695652173913,0.4102564102564102
82,2021-07-28,0.870307648885126,0.5517241379310345,0.2545454545454545
81,2021-07-29,0.8313062889692868,0.3488372093023256,0.174757281553398
80,2021-07-30,0.4819233828547973,0.2647058823529412,0.1574074074074074
5619,2021-07-31,0.4835869277020852,0.5294117647058824,0.25
5620,2021-08-01,0.48525047254937226,0.4285714285714285,0.4807692307692308
79,2021-08-02,0.4869140173966593,0.4285714285714285,0.2962962962962963
78,2021-08-03,0.5315089934056911,0.3478260869565217,0.4230769230769231
77,2021-08-04,0.5167295307007413,0.36,0.2692307692307692
76,2021-08-05,0.5440176532471201,0.5263157894736842,0.4285714285714285
75,2021-08-06,0.5041823826751854,0.4444444444444444,0.4285714285714285
5621,2021-08-07,0.5028695079499488,0.6153846153846154,0.4444444444444444
5622,2021-08-08,0.5015566332247121,0.25,0.25
74,2021-08-09,0.5002437584994746,0.3478260869565217,0.1714285714285714
73,2021-08-10,0.4730582711107689,0.5263157894736842,0.2903225806451613
72,2021-08-11,0.43640469042670604,0.5263157894736842,0.4074074074074074
71,2021-08-12,0.4510173710004364,0.5833333333333334,0.2222222222222222
70,2021-08-13,0.43879095784260924,0.7142857142857143,0.1578947368421052
5623,2021-08-14,0.4409377432239414,0.3333333333333333,0.1034482758620689
5624,2021-08-15,0.4430845286052745,0.5,0.2941176470588235
69,2021-08-16,0.44523131398660665,0.4444444444444444,0.25
68,2021-08-17,0.37206527596028094,0.2,0.25
67,2021-08-18,0.3197983219151719,0.4210526315789473,0.2162162162162162
66,2021-08-19,0.30251712724193736,0.3658536585365853,0.325
65,2021-08-20,0.31816898878710953,0.6,0.32
5625,2021-08-21,0.34635944542803143,0.4615384615384615,0.5625
5626,2021-08-22,0.3745499020689542,0.5714285714285714,0.3478260869565217
64,2021-08-23,0.4027403587098761,0.5,0.391304347826087
63,2021-08-24,0.4539424729941248,0.3529411764705882,0.6071428571428571
62,2021-08-25,0.44547507248608076,0.7741935483870968,0.3846153846153846
61,2021-08-26,0.4670541143868836,0.6,0.275
60,2021-08-27,0.5101993687937809,0.44,0.2352941176470588
5627,2021-08-28,0.5409642573063409,0.4444444444444444,0.3076923076923077
5628,2021-08-29,0.5717291458189009,0.25,0.25
59,2021-08-30,0.6024940343314609,0.48,0.4285714285714285
58,2021-08-31,0.6656403150899348,0.4736842105263157,0.1818181818181818
57,2021-09-01,0.6761732481461533,0.6976744186046512,0.3191489361702128
56,2021-09-02,0.6558001693480109,0.4482758620689655,0.2741935483870967
55,2021-09-03,0.6749544556487828,0.5925925925925926,0.3111111111111111
5629,2021-09-04,0.6849742129166354,0.25,0.1904761904761904
5630,2021-09-05,0.6949939701844872,0.7142857142857143,0.8461538461538461
5631,2021-09-06,0.7050137274523389,0.6,0.2222222222222222
54,2021-09-07,0.7150334847201916,0.8181818181818182,0.3076923076923077
53,2021-09-08,0.7358299335437359,0.4615384615384615,0.6071428571428571
52,2021-09-09,0.6827932158160777,0.55,0.2244897959183673
51,2021-09-10,0.6635362943576326,0.5862068965517241,0.3928571428571428
5632,2021-09-11,0.6584130894037759,0.6363636363636364,0.3
5633,2021-09-12,0.6532898844499191,0.75,0.3
50,2021-09-13,0.6481666794960623,0.48,0.2941176470588235
49,2021-09-14,0.6389680034895959,0.5277777777777778,0.75
48,2021-09-15,0.6720550124445128,0.4848484848484848,0.4444444444444444
47,2021-09-16,0.6880276088574147,0.5,0.6
46,2021-09-17,0.6550304056654608,0.4705882352941176,0.4
5634,2021-09-18,0.6093620369657624,0.625,0.2
5635,2021-09-19,0.5636936682660649,0.75,0.7666666666666667
45,2021-09-20,0.5180252995663666,0.5652173913043478,0.375
44,2021-09-21,0.5025017319682861,0.4878048780487805,0.375
43,2021-09-22,0.5492263874990386,0.6666666666666666,0.2608695652173913
42,2021-09-23,0.5953480614784596,0.6,0.4054054054054054
41,2021-09-24,0.6075616452415775,0.6363636363636364,0.4705882352941176
5636,2021-09-25,0.5991284564527581,0.5833333333333334,0.6296296296296297
5637,2021-09-26,0.5906952676639388,0.5833333333333334,0.7
40,2021-09-27,0.5822620788751194,0.4615384615384615,0.5333333333333333
39,2021-09-28,0.46700279680804746,0.625,0.5833333333333334
38,2021-09-29,0.4479639750596571,0.5,0.2307692307692307
37,2021-09-30,0.42733430836733133,0.2413793103448276,0.8043478260869565
36,2021-10-01,0.4250506761091022,0.375,0.3023255813953488
5638,2021-10-02,0.38507428219536655,0.6363636363636364,0.1176470588235294
5639,2021-10-03,0.3450978882816318,0.6,0.1470588235294117
35,2021-10-04,0.30512149436789615,0.35,0.2127659574468085
34,2021-10-05,0.34517486464988645,0.4848484848484848,0.46875
33,2021-10-06,0.3977882123521419,0.45,0.3181818181818182
32,2021-10-07,0.4496446257665565,0.5,0.1428571428571428
31,2021-10-08,0.4319272316732099,0.5333333333333333,0.4615384615384615
5640,2021-10-09,0.4138292322034913,0.625,0.5
5641,2021-10-10,0.39573123273377364,1.0,0.4
30,2021-10-11,0.37763323326405507,0.5909090909090909,0.4
29,2021-10-12,0.3789546609190979,0.4444444444444444,0.625
28,2021-10-13,0.42635927436943577,0.6875,0.4230769230769231
27,2021-10-14,0.44634747132630315,0.4,0.625
26,2021-10-15,0.5863931439714682,0.5909090909090909,0.1176470588235294
5642,2021-10-16,0.6025239695857816,0.7,0.375
5643,2021-10-17,0.6186547952000958,0.3333333333333333,0.5
25,2021-10-18,0.63478562081441,0.6666666666666666,0.4242424242424242
24,2021-10-19,0.631462807584739,0.6,0.45
23,2021-10-20,0.5941420983757992,0.5,0.6
22,2021-10-21,0.6197367408205685,0.3863636363636363,0.4117647058823529
21,2021-10-22,0.49213558104328703,0.3846153846153846,0.4375
5644,2021-10-23,0.4856439073204535,0.7777777777777778,0.68
5645,2021-10-24,0.47915223359761905,0.6363636363636364,0.8666666666666667
20,2021-10-25,0.4726605598747855,0.5714285714285714,0.3720930232558139
19,2021-10-26,0.5441202884047933,0.5128205128205128,0.24
18,2021-10-27,0.5651861545172303,0.59375,0.2307692307692307
17,2021-10-28,0.6345675211043553,0.4516129032258064,0.1111111111111111
16,2021-10-29,0.5394503887306601,0.2574257425742574,0.2098765432098765
5646,2021-10-30,0.5162206313772786,0.3125,0.6
5647,2021-10-31,0.4929908740238971,0.3636363636363636,0.25
15,2021-11-01,0.46976111667051645,0.53125,0.0482758620689655
14,2021-11-02,0.46288456110640785,0.3636363636363636,0.0606060606060606
13,2021-11-03,0.5542939984091553,0.7727272727272727,0.6428571428571429
12,2021-11-04,0.6736073692043214,0.5172413793103449,0.25
11,2021-11-05,0.7274779975880743,0.5454545454545454,0.3571428571428571
5648,2021-11-06,0.7146443264140134,0.1,0.0
5649,2021-11-07,0.7018106552399526,1.0,0.484375
10,2021-11-08,0.6889769840658926,0.5,0.1489361702127659
9,2021-11-09,0.8009134529032926,0.5,0.2857142857142857
8,2021-11-10,0.6800862135324466,0.6176470588235294,0.4210526315789473
7,2021-11-11,0.6678341415852,0.5675675675675675,0.25
6,2021-11-12,0.7353809047289155,0.5925925925925926,0.2857142857142857
5650,2021-11-13,0.7441604871748821,0.5,0.3333333333333333
5651,2021-11-14,0.7529400696208488,0.8,0.2857142857142857
5,2021-11-15,0.7617196520668155,0.5517241379310345,0.5384615384615384
4,2021-11-16,0.7553306135016551,0.5,0.68
3,2021-11-17,0.765979011110256,0.4202898550724637,0.2068965517241379
2,2021-11-18,0.9546480897031278,0.3934426229508196,0.4693877551020408
1,2021-11-19,0.9296435994149799,0.5172413793103449,0.46
5652,2021-11-20,0.8851683644232344,0.5714285714285714,0.2916666666666667
5653,2021-11-21,0.8406931294314872,0.5,0.6
0,2021-11-22,0.7962178944397409,0.4210526315789473,0.4634146341463415
5654,2021-11-23,0.7962178944397409,0.3703703703703703,0.3114754098360656
5655,2021-11-24,0.7962178944397409,0.3673469387755102,0.4594594594594595
5656,2021-11-25,0.7962178944397409,0.5714285714285714,0.5625
5657,2021-11-26,0.7962178944397409,0.4615384615384615,-1.0
5658,2021-11-27,0.7962178944397409,0.75,-1.0
5659,2021-11-28,0.7962178944397409,0.4615384615384615,-1.0
5660,2021-11-29,0.7962178944397409,0.3555555555555555,-1.0
5661,2021-11-30,0.7962178944397409,0.6491228070175439,-1.0
5662,2021-12-01,0.7962178944397409,0.5531914893617021,-1.0
5663,2021-12-02,0.7962178944397409,0.125,-1.0
