,date,AAPL,news_label,twitter_label
5285,2020-11-02,0.0,0.0,-1.0
5286,2020-11-03,0.029541836193171633,0.0,-1.0
5290,2020-11-09,0.13355740314877051,0.3333333333333333,-1.0
5291,2020-11-10,0.1273660003537942,0.0,-1.0
5292,2020-11-11,0.18963382274898244,0.0,-1.0
5294,2020-11-13,0.18556518662657018,0.0,-1.0
5558,2020-11-14,0.13771448788254048,0.0,-1.0
5300,2020-11-23,0.08986378913851034,0.0,-1.0
5302,2020-11-25,0.128427383690076,1.0,-1.0
5559,2020-11-28,0.18759950468777653,1.0,0.4285714285714285
5305,2020-12-01,0.24677162568547661,1.0,0.7611940298507462
5308,2020-12-04,0.23845745621793712,0.0,0.5
5560,2020-12-05,0.24730231735361752,0.0,0.3
5561,2020-12-06,0.25614717848929747,0.0,0.3076923076923077
5309,2020-12-07,0.26499203962497786,0.6666666666666666,0.6111111111111112
5311,2020-12-09,0.23014328675039808,1.0,0.5151515151515151
5312,2020-12-10,0.25597028126658383,0.0,0.625
5313,2020-12-11,0.24128781178135483,0.0,0.5454545454545454
5314,2020-12-14,0.23014328675039808,0.0,0.6176470588235294
5315,2020-12-15,0.33805059260569603,0.2,0.3947368421052631
5316,2020-12-16,0.3368123120467006,0.6666666666666666,0.3548387096774194
5317,2020-12-17,0.3525561648682114,0.0,0.4186046511627907
5562,2020-12-19,0.34839908013444143,0.0,0.3333333333333333
5319,2020-12-21,0.3442419954006719,0.0,0.6190476190476191
5320,2020-12-22,0.4088094816911374,0.0,0.4
5321,2020-12-23,0.39253493720148613,0.6666666666666666,0.1707317073170731
5322,2020-12-24,0.41040155669555967,0.5,0.3181818181818182
5323,2020-12-28,0.4938970458163805,0.6,0.5789473684210527
5324,2020-12-29,0.4617017512825048,1.0,0.4
5325,2020-12-30,0.4413585706704404,0.6666666666666666,0.375
5327,2021-01-04,0.3651158676808772,1.0,0.4615384615384615
5328,2021-01-05,0.39341942331505386,0.25,0.2926829268292683
5329,2021-01-06,0.3154077480983548,1.0,0.2857142857142857
5330,2021-01-07,0.39182734831063115,0.5,0.1515151515151515
5331,2021-01-08,0.41181673447726874,1.0,0.1428571428571428
5563,2021-01-09,0.383070935786308,1.0,0.3333333333333333
5333,2021-01-12,0.35432513709534774,0.3333333333333333,0.0697674418604651
5334,2021-01-13,0.39129665664249025,0.6,0.2156862745098039
5335,2021-01-14,0.35627100654519683,1.0,0.2368421052631578
5336,2021-01-15,0.3249601981248893,0.1111111111111111,0.6923076923076923
5564,2021-01-16,0.32902883424730245,0.0,0.0666666666666666
5565,2021-01-18,0.33309747036971515,0.0,0.625
5337,2021-01-19,0.33716610649212786,0.3333333333333333,0.4761904761904761
5338,2021-01-20,0.4114629400318415,1.0,0.4516129032258064
5339,2021-01-21,0.4970811958252255,0.6666666666666666,0.3255813953488372
5340,2021-01-22,0.535998584822218,0.5,0.1052631578947368
5566,2021-01-24,0.5700513001945868,0.6666666666666666,0.3888888888888889
5341,2021-01-25,0.6041040155669553,0.25,0.625
5342,2021-01-26,0.608349548912082,0.5,0.0958904109589041
5343,2021-01-27,0.5888908544135854,0.25,0.65625
5344,2021-01-28,0.5009729347249245,0.4,0.15625
5345,2021-01-29,0.4102246594728465,0.6666666666666666,0.15625
5346,2021-02-01,0.44878825402441125,1.0,0.1521739130434782
5347,2021-02-02,0.46382451795506796,0.5,0.3179190751445087
5348,2021-02-03,0.44525030957013945,0.5,0.271551724137931
5349,2021-02-04,0.5062798514063327,0.75,0.2625
5350,2021-02-05,0.4951353263753755,0.3333333333333333,0.1621621621621621
5567,2021-02-07,0.4964620555457273,1.0,0.3529411764705882
5351,2021-02-08,0.49778878471607957,0.4,0.3076923076923077
5352,2021-02-09,0.4818680346718551,1.0,0.475
5353,2021-02-10,0.470900406863612,0.6666666666666666,0.3703703703703703
5354,2021-02-11,0.4663010790730584,0.6,0.3333333333333333
5355,2021-02-12,0.47054661241818474,0.0,0.2142857142857142
5568,2021-02-13,0.46090571378029344,0.6666666666666666,0.4285714285714285
5569,2021-02-14,0.45126481514240213,1.0,0.3333333333333333
5570,2021-02-15,0.4416239165045108,0.0,0.1666666666666666
5356,2021-02-16,0.4319830178666191,0.5,0.2272727272727272
5357,2021-02-17,0.3904121705289225,0.7142857142857143,0.1428571428571428
5358,2021-02-18,0.3704227843622854,0.2857142857142857,0.4615384615384615
5359,2021-02-19,0.3732531399257031,0.4444444444444444,0.3225806451612903
5571,2021-02-20,0.3504333981956482,0.75,0.4615384615384615
5572,2021-02-21,0.3276136564655934,1.0,0.6
5360,2021-02-22,0.3047939147355385,0.1428571428571428,0.5384615384615384
5361,2021-02-23,0.3023173536175481,0.4,0.3333333333333333
5362,2021-02-24,0.29329559525915405,1.0,0.8409090909090909
5363,2021-02-25,0.21616840615602317,0.375,0.3043478260869565
5364,2021-02-26,0.22094463116929042,0.4285714285714285,0.5909090909090909
5573,2021-02-27,0.2787015743852823,0.6666666666666666,0.6666666666666666
5365,2021-03-01,0.33645851760127377,0.4285714285714285,0.3461538461538461
5366,2021-03-02,0.28922695913674135,0.875,0.4117647058823529
5367,2021-03-03,0.23509640898637896,0.0,0.375
5368,2021-03-04,0.20095524500265327,0.3636363636363636,0.5510204081632653
5369,2021-03-05,0.22377498673270813,0.6153846153846154,0.5576923076923077
5574,2021-03-06,0.19393832183501392,0.5,0.6666666666666666
5575,2021-03-07,0.16410165693731926,0.5,0.6923076923076923
5370,2021-03-08,0.13426499203962505,0.3333333333333333,0.5882352941176471
5371,2021-03-09,0.21784892977180226,0.3846153846153846,0.4166666666666667
5372,2021-03-10,0.1983017866619492,0.3333333333333333,0.2142857142857142
5373,2021-03-11,0.2333274367592426,0.6363636363636364,0.4090909090909091
5374,2021-03-12,0.2168759950468777,0.5,0.3928571428571428
5576,2021-03-13,0.23432985435461973,0.5,0.1818181818181818
5577,2021-03-14,0.2517837136623622,0.8333333333333334,0.0769230769230769
5375,2021-03-15,0.2692375729701042,0.4166666666666667,0.28
5376,2021-03-16,0.29718733415885357,0.3076923076923077,0.0
5377,2021-03-17,0.28285865911905184,0.25,0.6888888888888889
5378,2021-03-18,0.20803113391119732,0.5625,0.2631578947368421
5379,2021-03-19,0.19847868388466283,0.3333333333333333,0.3928571428571428
5578,2021-03-20,0.21852703579220467,0.3571428571428571,0.2692307692307692
5579,2021-03-21,0.23857538769974607,0.2857142857142857,0.2727272727272727
5380,2021-03-22,0.2586237396072879,0.5,0.4
5381,2021-03-23,0.24358747567663208,0.5294117647058824,0.2916666666666667
5382,2021-03-24,0.20024765611179918,0.5,0.6071428571428571
5383,2021-03-25,0.20909251724747913,0.5625,0.5625
5384,2021-03-26,0.22006014505572224,0.5416666666666666,0.1428571428571428
5580,2021-03-27,0.22112152839200405,0.5555555555555556,0.2222222222222222
5581,2021-03-28,0.22218291172828586,0.5,0.4444444444444444
5385,2021-03-29,0.22324429506456722,0.4761904761904761,0.3076923076923077
5386,2021-03-30,0.19688660888024057,0.4054054054054054,0.52
5387,2021-03-31,0.23668848399080122,0.4130434782608695,0.3
5388,2021-04-01,0.2517247479214575,0.5238095238095238,0.4444444444444444
5582,2021-04-02,0.2645497965681938,0.3076923076923077,0.6
5583,2021-04-03,0.27737484521493005,1.0,0.2
5584,2021-04-04,0.29019989386166634,0.3333333333333333,0.2222222222222222
5389,2021-04-05,0.3030249425084026,0.4761904761904761,0.6666666666666666
5390,2021-04-06,0.30850875641252395,0.3888888888888889,0.5
5391,2021-04-07,0.3384043870511233,0.4285714285714285,0.5
5392,2021-04-08,0.38192110383866984,0.3902439024390244,0.4814814814814814
5393,2021-04-09,0.4285335220237041,0.5,0.3076923076923077
5585,2021-04-10,0.41818503449495825,1.0,0.5
5586,2021-04-11,0.40783654696621285,0.6666666666666666,0.25
5394,2021-04-12,0.397488059437467,0.4782608695652174,0.4615384615384615
5395,2021-04-13,0.4539182734831062,0.6086956521739131,0.4375
5396,2021-04-14,0.4114629400318415,0.6363636363636364,0.125
5397,2021-04-15,0.4551565540421012,0.4705882352941176,0.3333333333333333
5398,2021-04-16,0.44914204846983896,0.4444444444444444,0.1710526315789473
5587,2021-04-17,0.453151718851347,0.3333333333333333,0.3611111111111111
5588,2021-04-18,0.4571613892328559,0.1666666666666666,0.2857142857142857
5399,2021-04-19,0.4611710596143639,0.3076923076923077,0.4
5400,2021-04-20,0.4305678400849109,0.5517241379310345,0.2727272727272727
5401,2021-04-21,0.43746683177074086,0.3333333333333333,0.631578947368421
5402,2021-04-22,0.40987086502741876,0.2608695652173913,0.4666666666666667
5403,2021-04-23,0.4519724040332562,0.375,0.4
5589,2021-04-24,0.4543310336694377,0.8571428571428571,0.75
5590,2021-04-25,0.4566896633056192,0.7,0.7777777777777778
5404,2021-04-26,0.4590482929418007,0.5106382978723404,0.3863636363636363
5405,2021-04-27,0.45321068459225167,0.5909090909090909,0.1818181818181818
5406,2021-04-28,0.43888200955244994,0.4025974025974026,0.2631578947368421
5407,2021-04-29,0.4371130373253136,0.4375,0.3243243243243243
5408,2021-04-30,0.4013797983371661,0.32,0.3412698412698413
5591,2021-05-01,0.4077480983548556,0.7049180327868853,0.24
5592,2021-05-02,0.41411639837254555,0.25,0.2352941176470588
5409,2021-05-03,0.42048469839023506,0.391304347826087,0.0909090909090909
5410,2021-05-04,0.33751990093755513,0.4285714285714285,0.2727272727272727
5411,2021-05-05,0.3419423315053951,0.5789473684210527,0.2448979591836734
5412,2021-05-06,0.3709534760304263,0.4347826086956521,0.3829787234042553
5413,2021-05-07,0.37926764549796577,0.4210526315789473,0.2352941176470588
5593,2021-05-08,0.3594551565540418,0.5,0.75
5594,2021-05-09,0.3396426676101183,0.6666666666666666,0.2142857142857142
5414,2021-05-10,0.3198301786661948,0.4705882352941176,0.2195121951219512
5415,2021-05-11,0.30320183973111625,0.3333333333333333,0.2333333333333333
5416,2021-05-12,0.2476561117990448,0.3043478260869565,0.3448275862068966
5417,2021-05-13,0.2865735007960373,0.5714285714285714,0.2222222222222222
5418,2021-05-14,0.3304440120290111,0.3809523809523809,0.4
5595,2021-05-15,0.323486054602276,0.7142857142857143,0.125
5596,2021-05-16,0.31652809717554087,1.0,0.2307692307692307
5419,2021-05-17,0.30957013974880576,0.4571428571428571,0.3333333333333333
5420,2021-05-18,0.2844507341234741,0.56,0.4782608695652174
5421,2021-05-19,0.2816203785600564,0.5185185185185185,0.2264150943396226
5422,2021-05-20,0.32796745091102064,0.5454545454545454,0.3636363636363636
5423,2021-05-21,0.2947107730408631,0.6111111111111112,0.25
5597,2021-05-22,0.3045580517719202,1.0,0.1714285714285714
5598,2021-05-23,0.3144053305029777,0.5,0.5555555555555556
5424,2021-05-24,0.32425260923403476,0.64,0.1
5425,2021-05-25,0.32071466477976296,0.3636363636363636,0.4285714285714285
5426,2021-05-26,0.3198301786661948,0.7083333333333334,0.525
5427,2021-05-27,0.29205731470015905,0.5384615384615384,0.4
5428,2021-05-28,0.28020520077834776,0.53125,0.3076923076923077
5599,2021-05-30,0.2782593313284982,0.0,0.1111111111111111
5600,2021-05-31,0.27631346187864825,0.6666666666666666,0.3571428571428571
5429,2021-06-01,0.2743675924287987,0.5714285714285714,0.1724137931034483
5430,2021-06-02,0.28816557580046,0.3043478260869565,0.3666666666666666
5431,2021-06-03,0.2612771979479924,0.3333333333333333,0.3255813953488372
5432,2021-06-04,0.302848045285689,0.6,0.2424242424242424
5601,2021-06-05,0.30290701102659323,0.75,0.3076923076923077
5602,2021-06-06,0.3029659767674979,0.4,0.6875
5433,2021-06-07,0.3030249425084026,0.4736842105263157,0.4285714285714285
5434,2021-06-08,0.31788430921634525,0.6129032258064516,0.52
5435,2021-06-09,0.32478330090217566,0.5625,0.1551724137931034
5436,2021-06-10,0.30673978418538805,0.3888888888888889,0.3461538461538461
5437,2021-06-11,0.32867503980187474,0.4,0.3333333333333333
5603,2021-06-12,0.34713131670499386,0.5,0.25
5604,2021-06-13,0.36558759360811344,0.1428571428571428,0.5625
5438,2021-06-14,0.38404387051123257,0.4074074074074074,0.4583333333333333
5439,2021-06-15,0.36918450380328993,0.5862068965517241,0.5454545454545454
5440,2021-06-16,0.37820626216168396,0.2962962962962963,0.3928571428571428
5441,2021-06-17,0.4072174066867147,0.6,0.1428571428571428
5442,2021-06-18,0.38369007606580574,0.5263157894736842,0.2758620689655172
5605,2021-06-19,0.39453977239224036,1.0,0.1458333333333333
5606,2021-06-20,0.4053894687186741,0.5,0.1379310344827586
5443,2021-06-21,0.4162391650451087,0.3666666666666666,0.5
5444,2021-06-22,0.445957898460994,0.5925925925925926,0.6785714285714286
5445,2021-06-23,0.4410047762250131,0.5,0.3888888888888889
5446,2021-06-24,0.4358747567663186,0.5428571428571428,0.4285714285714285
5447,2021-06-25,0.4305678400849109,0.3636363636363636,0.4375
5607,2021-06-26,0.44041511881596795,1.0,0.3333333333333333
5608,2021-06-27,0.450262397547025,1.0,0.25
5448,2021-06-28,0.4601096762780821,0.4666666666666667,0.4736842105263157
5449,2021-06-29,0.487528745798691,0.4761904761904761,0.1714285714285714
5450,2021-06-30,0.49867327082964774,0.3478260869565217,0.2264150943396226
5451,2021-07-01,0.5041570847337695,0.6666666666666666,0.1147540983606557
5452,2021-07-02,0.5517424376437288,0.5294117647058824,0.125
5609,2021-07-03,0.5608526446134796,0.75,0.6567164179104478
5610,2021-07-04,0.56996285158323,0.0,0.4444444444444444
5611,2021-07-05,0.5790730585529804,0.5,0.1351351351351351
5453,2021-07-06,0.5881832655227313,0.4,0.3076923076923077
5454,2021-07-07,0.6332920573146996,0.4333333333333333,0.3205128205128205
5455,2021-07-08,0.6097647266937907,0.25,0.073170731707317
5456,2021-07-09,0.642844507341235,0.5217391304347826,0.225
5612,2021-07-10,0.639247597146058,0.5,0.6153846153846154
5613,2021-07-11,0.6356506869508816,0.6666666666666666,0.8518518518518519
5457,2021-07-12,0.6320537767557046,0.3333333333333333,0.4838709677419355
5458,2021-07-13,0.6522200601450554,0.5925925925925926,0.2857142857142857
5459,2021-07-14,0.7143109853175305,0.3275862068965517,0.4285714285714285
5460,2021-07-15,0.7024588713957187,0.4814814814814814,0.3157894736842105
5461,2021-07-16,0.6654873518485753,0.5454545454545454,0.5
5614,2021-07-17,0.642254849932189,0.5,0.1111111111111111
5615,2021-07-18,0.6190223480158026,0.0,0.25
5462,2021-07-19,0.5957898460994158,0.3846153846153846,0.5217391304347826
5463,2021-07-20,0.6612418185034494,0.40625,0.3823529411764705
5464,2021-07-21,0.6479745267999291,0.4285714285714285,0.2608695652173913
5465,2021-07-22,0.6727401379798339,0.4230769230769231,0.425
5466,2021-07-23,0.7038740491774278,0.4545454545454545,0.4736842105263157
5616,2021-07-24,0.7064095760363229,0.25,0.1666666666666666
5617,2021-07-25,0.7089451028952176,0.6,0.0952380952380952
5467,2021-07-26,0.7114806297541127,0.5294117647058824,0.71875
5468,2021-07-27,0.672209446311693,0.3454545454545454,0.4102564102564102
5469,2021-07-28,0.6405448434459573,0.3950617283950617,0.2545454545454545
5470,2021-07-29,0.6522200601450554,0.2962962962962963,0.174757281553398
5471,2021-07-30,0.6561117990447549,0.5833333333333334,0.1574074074074074
5618,2021-07-31,0.6541069638540007,0.5,0.25
5619,2021-08-01,0.6521021286632469,0.0,0.4807692307692308
5472,2021-08-02,0.6500972934724922,0.6153846153846154,0.2962962962962963
5473,2021-08-03,0.6826463824517957,0.3,0.4230769230769231
5474,2021-08-04,0.6753935963205375,0.6428571428571429,0.2692307692307692
5475,2021-08-05,0.6773394657703871,0.1666666666666666,0.4285714285714285
5476,2021-08-06,0.6610649212807354,0.1428571428571428,0.4285714285714285
5620,2021-08-07,0.6607700925762132,0.6666666666666666,0.4444444444444444
5621,2021-08-08,0.6604752638716902,0.6666666666666666,0.25
5477,2021-08-09,0.6601804351671676,0.1818181818181818,0.1714285714285714
5478,2021-08-10,0.6515124712542009,0.4117647058823529,0.2903225806451613
5479,2021-08-11,0.6561117990447549,0.3333333333333333,0.4074074074074074
5480,2021-08-12,0.7097116575269764,0.5,0.2222222222222222
5481,2021-08-13,0.7134264992039623,0.3478260869565217,0.1578947368421052
5622,2021-08-14,0.7253375788666783,0.4444444444444444,0.1034482758620689
5623,2021-08-15,0.7372486585293943,0.5,0.2941176470588235
5482,2021-08-16,0.7491597381921102,0.25,0.25
5483,2021-08-17,0.7327082964797449,0.5,0.25
5484,2021-08-18,0.6649566601804353,0.2142857142857142,0.2162162162162162
5485,2021-08-19,0.6709711657526971,0.1304347826086956,0.325
5486,2021-08-20,0.6973288519370242,0.3043478260869565,0.32
5624,2021-08-21,0.7062916445545135,0.6,0.5625
5625,2021-08-22,0.7152544371720029,0.5,0.3478260869565217
5487,2021-08-23,0.7242172297894922,0.4666666666666667,0.391304347826087
5488,2021-08-24,0.72262515478507,0.5882352941176471,0.6071428571428571
5489,2021-08-25,0.700336104723156,0.5909090909090909,0.3846153846153846
5490,2021-08-26,0.6858305324606402,0.5454545454545454,0.275
5491,2021-08-27,0.7045816380682819,0.4285714285714285,0.2352941176470588
5626,2021-08-28,0.7312341529571316,0.5,0.3076923076923077
5627,2021-08-29,0.7578866678459812,0.0,0.25
5492,2021-08-30,0.7845391827348309,0.5555555555555556,0.4285714285714285
5493,2021-08-31,0.7617194410047761,0.3142857142857143,0.1818181818181818
5494,2021-09-01,0.773748452149301,0.5,0.3191489361702128
5495,2021-09-02,0.7939147355386518,0.2142857142857142,0.2741935483870967
5496,2021-09-03,0.8054130550150362,0.3125,0.3111111111111111
5628,2021-09-04,0.8159826640721741,0.3333333333333333,0.1904761904761904
5629,2021-09-05,0.8265522731293116,0.5,0.8461538461538461
5630,2021-09-06,0.8371218821864495,0.6666666666666666,0.2222222222222222
5497,2021-09-07,0.8476914912435873,0.5588235294117647,0.3076923076923077
5498,2021-09-08,0.819741730054838,0.4,0.6071428571428571
5499,2021-09-09,0.8013444188926231,0.5454545454545454,0.2244897959183673
5500,2021-09-10,0.7111268353086855,0.2537313432835821,0.3928571428571428
5631,2021-09-11,0.7145468482811483,0.5,0.3
5632,2021-09-12,0.7179668612536116,0.4285714285714285,0.3
5501,2021-09-13,0.7213868742260745,0.3673469387755102,0.2941176470588235
5502,2021-09-14,0.6960905713780292,0.490566037735849,0.75
5503,2021-09-15,0.7121882186449673,0.4186046511627907,0.4444444444444444
5504,2021-09-16,0.7079426852998405,0.2916666666666667,0.6
5505,2021-09-17,0.6596497434990267,0.2727272727272727,0.4
5633,2021-09-18,0.6412524323368123,0.2,0.2
5634,2021-09-19,0.622855121174597,0.6,0.7666666666666667
5506,2021-09-20,0.6044578100123825,0.4375,0.375
5507,2021-09-21,0.6131257739253493,0.6086956521739131,0.375
5508,2021-09-22,0.6559349018220413,0.3571428571428571,0.2608695652173913
5509,2021-09-23,0.6732708296479744,0.3421052631578947,0.4054054054054054
5510,2021-09-24,0.6748629046523966,0.7,0.4705882352941176
5635,2021-09-25,0.6657232148121941,0.3333333333333333,0.6296296296296297
5636,2021-09-26,0.6565835249719907,0.25,0.7
5511,2021-09-27,0.6474438351317882,0.375,0.5333333333333333
5512,2021-09-28,0.5862373960728813,0.3809523809523809,0.5833333333333334
5513,2021-09-29,0.602511940562533,0.3,0.2307692307692307
5514,2021-09-30,0.5789846099416236,0.2307692307692307,0.8043478260869565
5515,2021-10-01,0.599327790553688,0.4666666666666667,0.3023255813953488
5637,2021-10-02,0.5786308154961963,0.0,0.1176470588235294
5638,2021-10-03,0.5579338404387051,0.3333333333333333,0.1470588235294117
5516,2021-10-04,0.537236865381213,0.3333333333333333,0.2127659574468085
5517,2021-10-05,0.5720856182557936,0.4516129032258064,0.46875
5518,2021-10-06,0.587829471077304,0.5,0.3181818181818182
5519,2021-10-07,0.6106492128073584,0.5625,0.1428571428571428
5520,2021-10-08,0.6037502211215284,0.5555555555555556,0.4615384615384615
5639,2021-10-09,0.6032195294533875,0.4,0.5
5640,2021-10-10,0.6026888377852466,1.0,0.4
5521,2021-10-11,0.6021581461171057,0.2857142857142857,0.4
5522,2021-10-12,0.5791615071643372,0.2333333333333333,0.625
5523,2021-10-13,0.5685476738015209,0.2448979591836734,0.4230769230769231
5524,2021-10-14,0.6189633822748979,0.3928571428571428,0.625
5525,2021-10-15,0.6380682823279673,0.3461538461538461,0.1176470588235294
5641,2021-10-17,0.6531929948699804,0.4,0.5
5526,2021-10-18,0.6683177074119935,0.5555555555555556,0.4242424242424242
5527,2021-10-19,0.7074119936316996,0.5641025641025641,0.45
5528,2021-10-20,0.7162568547673795,0.3846153846153846,0.6
5529,2021-10-21,0.7201485936670791,0.15625,0.4117647058823529
5530,2021-10-22,0.7061737130727046,0.2222222222222222,0.4375
5642,2021-10-23,0.7058788843681816,0.4285714285714285,0.68
5643,2021-10-24,0.705584055663659,0.5454545454545454,0.8666666666666667
5531,2021-10-25,0.7052892269591364,0.5,0.3720930232558139
5532,2021-10-26,0.7173182381036614,0.3142857142857143,0.24
5533,2021-10-27,0.7090040686361219,0.46875,0.2307692307692307
5534,2021-10-28,0.7748098354855824,0.44,0.1111111111111111
5535,2021-10-29,0.7258093047939149,0.2767857142857143,0.2098765432098765
5644,2021-10-30,0.7208561825579336,0.375,0.6
5645,2021-10-31,0.7159030603219527,0.4285714285714285,0.25
5536,2021-11-01,0.7109499380859718,0.5,0.0482758620689655
5537,2021-11-02,0.729701043693614,0.2727272727272727,0.0606060606060606
5538,2021-11-03,0.7557049354325138,0.5789473684210527,0.6428571428571429
5539,2021-11-04,0.7463293826286925,0.4090909090909091,0.25
5540,2021-11-05,0.7519900937555279,0.6153846153846154,0.3571428571428571
5646,2021-11-06,0.7470369715195471,0.5,0.0
5647,2021-11-07,0.7420838492835662,1.0,0.484375
5541,2021-11-08,0.7371307270475849,0.6153846153846154,0.1489361702127659
5542,2021-11-09,0.7436759242879885,0.3333333333333333,0.2857142857142857
5543,2021-11-10,0.692552626923757,0.4166666666666667,0.4210526315789473
5544,2021-11-11,0.6916681408101892,0.5833333333333334,0.25
5545,2021-11-12,0.7291703520254731,0.391304347826087,0.2857142857142857
5648,2021-11-13,0.7292293177663778,0.5,0.3333333333333333
5649,2021-11-14,0.729288283507282,1.0,0.2857142857142857
5546,2021-11-15,0.7293472492481867,0.6666666666666666,0.5384615384615384
5547,2021-11-16,0.7470369715195471,0.4444444444444444,0.68
5548,2021-11-17,0.7910843799752345,0.4074074074074074,0.2068965517241379
5549,2021-11-18,0.8685653635237927,0.4666666666666667,0.4693877551020408
5550,2021-11-19,0.9159738192110383,0.5675675675675675,0.46
5650,2021-11-20,0.9187452090335513,1.0,0.2916666666666667
5651,2021-11-21,0.9215165988560647,0.6666666666666666,0.6
5551,2021-11-22,0.9242879886785778,0.6111111111111112,0.4634146341463415
5552,2021-11-23,0.9311869803644077,0.1818181818181818,0.3114754098360656
5553,2021-11-24,0.940562533168229,0.3157894736842105,0.4594594594594595
5652,2021-11-25,0.8951883955421898,0.75,0.5625
5554,2021-11-26,0.8498142579161505,0.25,-1.0
5653,2021-11-27,0.870039507046406,1.0,-1.0
5654,2021-11-28,0.890264756176661,0.0,-1.0
5555,2021-11-29,0.9104900053069165,0.375,-1.0
5556,2021-11-30,1.0,0.3,-1.0
5557,2021-12-01,0.9906244471961787,0.3076923076923077,-1.0
5655,2021-12-02,0.9906244471961787,0.0,-1.0
